12
14
17
18
26
28
32
35
38
42
47
49
53
59
61
65
66
67
69
71
77
81
91
95
98
102
103
104
106
113
117
127
129
135
142
146
150
151
152
160
162
171
173
174
179
182
191
192
194
202
203
205
210
214
219
220
232
234
241
242
252
256
272
277
281
287
288
291
292
299
306
307
309
311
313
315
321
330
341
350
359
366
376
377
380
385
389
394
396
399
404
406
409
417
419
421
427
429
431
440
441
443
446
447
456
463
465
466
486
487
490
492
497
505
506
508
511
515
517
519
528
530
532
534
539
541
543
550
555
566
572
581
591
595
598
603
607
613
618
623
635
638
640
641
647
657
674
680
684
686
690
696
706
708
710
716
719
720
728
735
738
742
744
745
748
751
755
759
781
785
789
802
803
806
807
809
812
815
816
821
832
835
840
841
844
848
858
863
865
871
873
877
887
895
898
922
923
939
941
946
948
952
954
957
958
959
964
967
975
977
1001
1003
1016
1018
1025
1032
1033
1041
1042
1047
1048
1053
1058
1060
1061
1062
1063
1074
1078
1083
1084
1086
1088
1089
1095
1100
1101
1105
1113
1117
1118
1129
1130
1133
1141
1144
1146
1151
1154
1156
1169
1175
1188
1192
1201
1209
1213
1214
1225
1227
1230
1233
1237
1245
1250
1252
1258
1265
1271
1275
1277
1278
1285
1286
1289
1297
1300
1312
1319
1324
1346
1348
1353
1365
1377
1378
1380
1385
1386
1389
1390
1395
1397
1406
1408
1426
1429
1433
1442
1444
1457
1461
1467
1482
1483
1489
1490
1491
1493
1509
1511
1514
1515
1523
1526
1538
1539
1541
1542
1544
1545
1559
1560
1561
1568
1571
1581
1582
1586
1592
1593
1594
1596
1600
1602
1606
1610
1619
1622
1631
1633
1641
1642
1648
1652
1655
1668
1671
1673
1674
1678
1679
1684
1686
1689
1692
1694
1700
1706
1707
1709
1717
1725
1728
1730
1731
1732
1746
1751
1752
1753
1756
1762
1766
1768
1769
1782
1790
1792
1793
1797
1800
1814
1816
1817
1819
1840
1850
1866
1876
1877
1891
1894
1897
1910
1920
1926
1930
1932
1937
1944
1946
1956
1961
1964
1966
1974
1975
1977
1993
1995
1996
1999
2000
2002
2009
2018
2026
2030
2033
2036
2039
2042
2046
2061
2065
2073
2075
2076
2080
2102
2122
2128
2129
2134
2140
2147
2158
2159
2164
2170
2171
2180
2182
2185
2187
2188
2192
2194
2199
2204
2209
2214
2216
2228
2230
2231
2246
2247
2252
2267
2271
2276
2278
2280
2290
2297
2310
2314
2325
2336
2346
2347
2350
2354
2358
2368
2379
2396
2405
2411
2412
2418
2419
2423
2429
2431
2432
2433
2434
2441
2443
2444
2445
2450
2452
2453
2454
2456
2459
2465
2467
2474
2507
2513
2517
2518
2525
2526
2533
2544
2548
2551
2552
2555
2557
2565
2568
2571
2586
2590
2607
2610
2613
2616
2622
2630
2632
2644
2646
2650
2652
2668
2670
2671
2687
2697
2707
2709
2715
2722
2724
2725
2727
2728
2739
2740
2744
2749
2763
2766
2771
2774
2776
2778
2782
2783
2787
2792
2793
2794
2796
2798
2799
2802
2811
2816
2821
2827
2833
2843
2850
2854
2857
2859
2862
2868
2870
2872
2873
2876
2880
2884
2887
2889
2894
2905
2909
2911
2913
2922
2924
2927
2930
2931
2938
2949
2952
2960
2966
2967
2972
2977
2981
2982
2984
2986
2987
2997
2998
2999
3001
3013
3020
3023
3025
3042
3043
3044
3050
3052
3061
3063
3066
3068
3069
3080
3084
3091
3093
3099
3101
3104
3106
3110
3111
3116
3122
3128
3129
3147
3148
3150
3151
3158
3161
3162
3172
3177
3184
3195
3200
3205
3211
3212
3213
3224
3225
3235
3239
3242
3258
3271
3272
3275
3276
3285
3286
3300
3302
3316
3325
3327
3329
3332
3341
3342
3343
3345
3349
3350
3355
3359
3369
3371
3380
3389
3394
3395
3402
3406
3410
3411
3418
3421
3428
3432
3433
3439
3445
3466
3470
3473
3485
3486
3493
3494
3501
3503
3508
3512
3513
3515
3524
3529
3535
3540
3542
3545
3556
3565
3571
3574
3578
3581
3590
3592
3595
3602
3604
3606
3609
3616
3617
3622
3626
3632
3641
3645
3649
3653
3657
3663
3674
3675
3676
3683
3692
3695
3700
3708
3717
3718
3720
3722
3726
3731
3736
3737
3745
3747
3756
3759
3761
3764
3769
3770
3773
3783
3790
3802
3814
3815
3821
3822
3825
3829
3830
3832
3834
3836
3847
3851
3855
3866
3870
3871
3874
3879
3880
3884
3891
3892
3893
3896
3914
3918
3919
3935
3939
3951
3955
3956
3957
3961
3978
3981
3982
3984
3985
3986
3988
3996
4005
4010
4015
4019
4025
4029
4031
4033
4034
4035
4038
4040
4056
4070
4086
4087
4096
4103
4106
4112
4114
4122
4130
4132
4133
4135
4136
4142
4144
4150
4160
4167
4168
4169
4170
4175
4184
4185
4193
4195
4201
4202
4207
4210
4213
4225
4233
4241
4242
4246
4248
4249
4253
4262
4270
4276
4278
4290
4297
4305
4311
4312
4315
4318
4321
4323
4324
4327
4330
4341
4346
4354
4355
4356
4364
4368
4370
4371
4375
4380
4381
4390
4391
4392
4393
4396
4416
4418
4421
4422
4438
4440
4441
4446
4447
4454
4455
4457
4458
4462
4471
4481
4492
4495
4504
4506
4514
4527
4539
4542
4546
4547
4548
4550
4561
4576
4581
4584
4585
4587
4593
4595
4599
4602
4606
4609
4612
4616
4617
4634
4640
4649
4653
4657
4658
4659
4664
4669
4683
4685
4688
4697
4698
4702
4703
4709
4716
4717
4719
4720
4728
4733
4738
4751
4781
4782
4786
4787
4790
4791
4794
4798
4804
4806
4812
4813
4820
4823
4829
4834
4849
4852
4865
4866
4867
4868
4886
4890
4896
4900
4901
4906
4908
4910
4912
4922
4934
4936
4937
4943
4947
4948
4954
4959
4961
4968
4973
4976
4979
4980
4987
4988
4996
5002
5005
5014
5020
5022
5023
5025
5029
5030
5032
5035
5042
5045
5046
5048
5049
5052
5061
5064
5067
5072
5073
5080
5081
5083
5091
5094
5099
5102
5108
5122
5133
5138
5139
5147
5152
5158
5177
5180
5185
5195
5207
5212
5223
5228
5230
5231
5234
5238
5243
5244
5246
5248
5249
5252
5253
5256
5257
5260
5265
5266
5268
5270
5276
5279
5283
5285
5293
5298
5303
5306
5311
5312
5313
5315
5320
5321
5325
5336
5339
5351
5352
5353
5356
5361
5364
5380
5384
5389
5391
5392
5397
5410
5413
5418
5419
5424
5437
5447
5454
5461
5462
5467
5471
5476
5479
5487
5493
5494
5502
5505
5511
5512
5514
5523
5527
5534
5545
5547
5548
5556
5563
5566
5569
5573
5575
5601
5604
5605
5607
5613
5621
5630
5633
5646
5655
5663
5668
5671
5674
5680
5683
5687
5688
5689
5698
5700
5706
5713
5714
5719
5728
5729
5735
5736
5737
5739
5740
5741
5742
5746
5750
5751
5753
5777
5780
5781
5787
5795
5800
5826
5842
5854
5856
5859
5864
5867
5868
5871
5878
5879
5886
5898
5899
5908
5909
5917
5918
5920
5926
5927
5929
5935
5950
5954
5960
5962
5967
5972
5979
5980
5982
5991
5993
6002
6004
6016
6021
6023
6024
6036
6039
6044
6049
6054
6058
6060
6064
6066
6074
6075
6086
6088
6091
6096
6098
6099
6103
6105
6108
6110
6111
6118
6127
6128
6131
6133
6138
6139
6143
6151
6161
6163
6166
6171
6174
6176
6178
6187
6192
6193
6198
6203
6206
6221
6224
6225
6227
6233
6234
6238
6244
6248
6250
6252
6253
6264
6267
6271
6272
6277
6278
6283
6288
6292
6294
6298
6299
6303
6304
6306
6309
6312
6316
6317
6322
6324
6329
6330
6333
6341
6346
6349
6350
6362
6367
6373
6378
6387
6393
6406
6407
6411
6419
6425
6448
6450
6453
6456
6460
6461
6462
6466
6468
6479
6480
6482
6484
6487
6488
6490
6513
6528
6537
6543
6547
6550
6554
6566
6583
6584
6591
6605
6608
6612
6619
6621
6629
6630
6639
6642
6646
6647
6659
6669
6672
6674
6677
6679
6687
6706
6709
6713
6722
6725
6731
6735
6738
6744
6755
6757
6763
6765
6768
6781
6783
6784
6788
6790
6797
6802
6807
6811
6814
6823
6835
6836
6839
6841
6848
6853
6859
6861
6869
6870
6871
6873
6876
6884
6888
6892
6902
6916
6926
6935
6940
6948
6966
6967
6973
6977
6980
6983
6992
6997
7000
7001
7023
7026
7030
7032
7035
7037
7041
7047
7050
7053
7065
7073
7075
7080
7082
7094
7097
7098
7101
7109
7132
7133
7135
7143
7146
7149
7150
7155
7163
7170
7171
7174
7179
7183
7186
7193
7209
7210
7219
7220
7221
7223
7227
7235
7240
7241
7242
7244
7254
7261
7264
7270
7275
7279
7283
7287
7290
7294
7298
7300
7304
7309
7310
7316
7323
7324
7328
7330
7331
7333
7337
7338
7340
7361
7372
7374
7383
7384
7392
7397
7402
7405
7407
7410
7414
7425
7428
7432
7439
7446
7453
7462
7466
7479
7480
7482
7484
7491
7494
7500
7505
7507
7512
7519
7520
7523
7524
7526
7533
7535
7561
7569
7570
7575
7578
7579
7582
7590
7598
7602
7606
7609
7612
7613
7618
7620
7625
7627
7628
7629
7638
7644
7645
7650
7669
7676
7680
7688
7693
7698
7700
7703
7709
7710
7717
7718
7728
7734
7736
7737
7739
7741
7744
7745
7748
7751
7757
7759
7764
7775
7776
7782
7783
7792
7798
7801
7807
7809
7815
7817
7829
7840
7843
7846
7857
7859
7860
7864
7871
7878
7886
7887
7888
7889
7891
7892
7894
7901
7904
7907
7910
7911
7914
7916
7921
7928
7929
7934
7939
7940
7957
7959
7965
7970
7972
7975
7982
7983
7985
7989
7992
7996
8001
8017
8029
8042
8043
8046
8050
8052
8055
8058
8060
8063
8068
8070
8075
8079
8085
8086
8095
8098
8102
8105
8111
8112
8117
8123
8125
8129
8134
8135
8143
8144
8145
8147
8152
8153
8157
8160
8163
8170
8176
8194
8199
8200
8202
8205
8209
8214
8224
8225
8230
8236
8241
8249
8252
8253
8258
8263
8267
8272
8277
8285
8286
8288
8289
8290
8297
8298
8313
8314
8315
8321
8322
8326
8327
8329
8330
8337
8339
8342
8352
8365
8384
8386
8388
8404
8406
8413
8417
8419
8425
8428
8432
8433
8436
8441
8448
8449
8455
8456
8460
8466
8467
8468
8487
8489
8495
8497
8498
8509
8510
8515
8516
8524
8525
8528
8536
8541
8544
8545
8559
8563
8564
8566
8571
8582
8584
8585
8588
8591
8600
8607
8608
8611
8616
8620
8626
8632
8638
8651
8661
8666
8669
8672
8675
8676
8679
8683
8684
8698
8700
8705
8715
8717
8724
8725
8730
8732
8734
8738
8739
8741
8744
8748
8751
8765
8769
8780
8785
8798
8800
8810
8821
8833
8847
8848
8851
8872
8891
8903
8905
8911
8913
8915
8927
8928
8929
8931
8938
8950
8955
8956
8959
8974
8981
8985
9000
9009
9017
9020
9021
9029
9031
9032
9036
9037
9040
9048
9050
9059
9063
9064
9065
9070
9072
9074
9075
9078
9086
9093
9095
9096
9099
9108
9109
9118
9120
9122
9124
9125
9126
9127
9134
9141
9142
9147
9148
9164
9166
9167
9171
9173
9176
9184
9185
9192
9198
9204
9209
9213
9221
9222
9223
9224
9225
9236
9239
9243
9244
9261
9263
9265
9277
9279
9297
9300
9301
9319
9324
9325
9329
9334
9343
9347
9349
9355
9356
9357
9368
9370
9374
9377
9382
9394
9396
9399
9405
9408
9410
9416
9417
9418
9424
9427
9429
9433
9448
9450
9458
9459
9460
9467
9468
9474
9476
9479
9499
9501
9515
9530
9533
9535
9544
9545
9551
9553
9557
9561
9562
9563
9565
9567
9568
9569
9570
9571
9573
9576
9580
9588
9590
9595
9609
9616
9619
9623
9626
9627
9636
9653
9663
9667
9669
9673
9681
9688
9690
9693
9696
9700
9715
9718
9722
9723
9726
9729
9730
9732
9738
9740
9741
9752
9756
9758
9765
9766
9768
9770
9776
9777
9784
9785
9790
9793
9796
9798
9799
9806
9809
9818
9820
9821
9822
9832
9841
9848
9852
9857
9865
9868
9869
9874
9875
9878
9882
9886
9918
9921
9924
9931
9934
9935
9944
9946
9949
9951
9954
9958
9963
9973
9976
9984
9986
9990
9993
9995
9997
10010
10013
10020
10022
10027
10030
10037
10048
10052
10056
10067
10071
10073
10088
10095
10098
10102
10114
10116
10117
10120
10125
10127
10132
10134
10137
10154
10161
10164
10165
10172
10179
10184
10186
10189
10190
10192
10194
10197
10201
10205
10206
10208
10209
10212
10213
10215
10217
10221
10224
10243
10244
10249
10250
10257
10261
10262
10267
10275
10281
10289
10290
10307
10319
10323
10324
10327
10331
10338
10349
10351
10358
10359
10366
10373
10376
10380
10385
10389
10391
10397
10413
10415
10418
10423
10424
10425
10426
10427
10456
10462
10471
10478
10484
10497
10502
10503
10506
10510
10512
10513
10530
10538
10544
10546
10547
10554
10560
10565
10567
10568
10572
10573
10576
10579
10587
10602
10605
10607
10608
10610
10616
10619
10624
10625
10630
10634
10639
10644
10646
10654
10655
10659
10677
10678
10680
10682
10692
10698
10702
10704
10705
10708
10713
10718
10719
10721
10725
10733
10742
10752
10753
10755
10768
10770
10774
10779
10783
10790
10791
10792
10794
10800
10808
10814
10827
10839
10859
10864
10866
10868
10875
10880
10892
10903
10909
10913
10920
10931
10932
10938
10946
10953
10954
10956
10957
10959
10969
10970
10973
10976
10986
10988
10990
10992
10999
11003
11007
11008
11010
11012
11013
11018
11029
11033
11035
11038
11049
11072
11073
11074
11080
11081
11082
11083
11093
11097
11099
11100
11112
11123
11124
11127
11136
11140
11145
11151
11153
11155
11158
11161
11162
11165
11168
11183
11185
11187
11197
11198
11200
11208
11209
11217
11222
11224
11228
11230
11234
11245
11246
11256
11259
11261
11264
11268
11273
11277
11279
11289
11298
11307
11319
11324
11325
11326
11337
11343
11347
11350
11353
11356
11365
11375
11384
11390
11393
11427
11440
11443
11447
11448
11458
11459
11460
11461
11466
11475
11476
11480
11487
11489
11492
11495
11502
11503
11507
11515
11517
11524
11527
11532
11535
11537
11542
11549
11552
11555
11564
11567
11571
11572
11579
11591
11594
11606
11609
11626
11628
11629
11634
11640
11641
11647
11653
11655
11657
11662
11672
11679
11682
11688
11692
11697
11704
11706
11712
11715
11716
11720
11723
11726
11728
11731
11737
11742
11743
11744
11747
11749
11751
11757
11758
11765
11768
11777
11784
11785
11790
11796
11798
11799
11806
11812
11813
11821
11827
11838
11839
11840
11844
11850
11855
11858
11866
11867
11868
11874
11880
11889
11893
11894
11900
11903
11906
11911
11923
11935
11951
11959
11961
11963
11984
11985
11989
11990
12008
12015
12016
12019
12024
12025
12029
12033
12041
12048
12062
12065
12067
12072
12077
12091
12100
12125
12130
12132
12135
12138
12147
12158
12159
12168
12169
12175
12178
12185
12187
12194
12195
12200
12201
12207
12208
12215
12221
12230
12234
12252
12256
12260
12262
12263
12271
12272
12274
12279
12281
12285
12287
12291
12295
12300
12303
12305
12310
12312
12322
12327
12330
12333
12348
12356
12365
12367
12369
12373
12380
12387
12388
12403
12408
12422
12441
12445
12447
12448
12453
12455
12456
12461
12466
12470
12477
12479
12483
12485
12487
12491
12495
12501
12509
12514
12515
12551
12552
12554
12559
12562
12569
12574
12575
12579
12585
12588
12610
12613
12636
12653
12659
12662
12677
12682
12692
12693
12696
12701
12708
12709
12710
12716
12717
12720
12727
12730
12732
12741
12743
12744
12750
12751
12753
12758
12762
12763
12767
12775
12780
12786
12788
12789
12791
12792
12799
12808
12809
12818
12819
12829
12833
12835
12840
12841
12846
12851
12855
12856
12862
12866
12868
12872
12873
12891
12893
12896
12901
12902
12907
12908
12911
12919
12923
12926
12927
12928
12929
12931
12935
12937
12940
12956
12959
12960
12981
12984
12987
12991
12995
13013
13016
13018
13020
13022
13030
13033
13043
13045
13059
13061
13065
13070
13071
13078
13079
13081
13091
13100
13102
13104
13105
13106
13107
13112
13113
13131
13132
13136
13143
13145
13156
13159
13171
13172
13175
13184
13186
13187
13190
13195
13196
13198
13202
13207
13214
13216
13221
13227
13230
13231
13237
13242
13248
13259
13263
13271
13280
13285
13298
13299
13300
13301
13303
13313
13318
13328
13330
13336
13340
13343
13344
13346
13352
13356
13368
13370
13371
13374
13382
13383
13384
13386
13388
13390
13399
13407
13410
13411
13419
13424
13429
13432
13434
13439
13440
13445
13461
13470
13473
13475
13478
13479
13480
13484
13485
13488
13490
13501
13505
13517
13522
13527
13533
13535
13547
13559
13562
13565
13566
13571
13583
13584
13585
13590
13595
13598
13627
13629
13632
13633
13635
13640
13644
13645
13655
13659
13662
13669
13670
13674
13677
13680
13681
13682
13688
13697
13698
13699
13701
13707
13708
13736
13740
13742
13745
13750
13756
13764
13771
13774
13775
13789
13793
13798
13804
13806
13817
13818
13829
13832
13835
13840
13846
13852
13856
13871
13873
13875
13876
13879
13887
13892
13893
13900
13901
13914
13916
13917
13932
13937
13942
13947
13949
13956
13958
13967
13976
13978
13989
13994
13996
14001
14004
14005
14007
14008
14015
14017
14032
14042
14047
14049
14062
14070
14072
14078
14089
14093
14097
14105
14107
14113
14116
14117
14119
14121
14126
14131
14133
14138
14145
14148
14152
14153
14154
14155
14165
14166
14168
14170
14180
14202
14203
14204
14221
14224
14229
14235
14239
14240
14241
14254
14260
14262
14272
14274
14275
14286
14288
14296
14300
14304
14311
14312
14315
14320
14328
14337
14338
14346
14348
14361
14377
14378
14381
14388
14396
14413
14421
14423
14442
14443
14445
14449
14461
14462
14466
14476
14488
14500
14512
14516
14519
14524
14530
14531
14540
14553
14568
14569
14574
14577
14578
14584
14585
14592
14594
14595
14598
14606
14607
14610
14616
14624
14640
14643
14674
14677
14684
14689
14690
14697
14705
14718
14727
14730
14734
14735
14752
14757
14766
14768
14779
14797
14799
14805
14808
14819
14821
14824
14827
14829
14831
14837
14841
14846
14855
14856
14858
14866
14871
14872
14875
14879
14882
14886
14889
14892
14908
14911
14920
14921
14929
14931
14932
14942
14947
14964
14978
15020
15021
15022
15028
15034
15042
15045
15046
15057
15061
15072
15074
15078
15080
15085
15092
15093
15096
15102
15105
15106
15109
15117
15118
15119
15121
15123
15127
15137
15145
15154
15162
15163
15167
15171
15175
15177
15180
15182
15194
15196
15208
15214
15217
15219
15221
15225
15236
15247
15250
15255
15259
15262
15266
15268
15271
15276
15277
15280
15281
15283
15300
15307
15312
15315
15331
15333
15340
15343
15348
15353
15354
15355
15356
15362
15368
15371
15372
15380
15384
15385
15391
15394
15395
15396
15397
15403
15407
15408
15415
15418
15420
15428
15429
15432
15436
15438
15439
15440
15452
15456
15457
15465
15466
15468
15472
15481
15483
15502
15506
15507
15508
15510
15516
15524
15525
15529
15540
15542
15547
15548
15551
15554
15555
15556
15557
15558
15559
15565
15566
15568
15570
15572
15586
15599
15606
15613
15617
15618
15620
15621
15623
15625
15635
15652
15659
15667
15671
15673
15677
15678
15682
15693
15695
15698
15707
15708
15711
15714
15718
15726
15727
15731
15735
15742
15745
15748
15762
15768
15771
15773
15774
15775
15786
15792
15804
15809
15811
15814
15816
15817
15818
15821
15822
15823
15830
15831
15832
15836
15849
15856
15858
15861
15865
15866
15887
15906
15915
15920
15921
15923
15924
15927
15932
15946
15960
15963
15965
15966
15968
15978
15982
15985
15995
15999
16003
16005
16010
16033
16039
16040
16043
16047
16050
16051
16053
16064
16067
16071
16072
16075
16078
16082
16104
16108
16109
16117
16120
16123
16128
16130
16132
16135
16150
16158
16159
16165
16166
16167
16171
16174
16179
16191
16197
16200
16213
16225
16228
16232
16233
16245
16248
16249
16250
16255
16257
16258
16261
16266
16271
16275
16277
16282
16286
16288
16289
16290
16294
16297
16305
16307
16308
16312
16313
16316
16317
16327
16330
16335
16336
16337
16340
16343
16352
16354
16361
16367
16370
16373
16378
16383
16389
16392
16395
16409
16410
16423
16426
16430
16433
16439
16442
16448
16452
16456
16473
16474
16476
16477
16481
16487
16488
16492
16496
16502
16503
16507
16516
16524
16530
16532
16533
16535
16537
16545
16546
16548
16555
16561
16570
16577
16585
16596
16610
16612
16614
16615
16625
16628
16630
16637
16639
16644
16653
16654
16666
16667
16674
16675
16678
16680
16681
16682
16685
16686
16704
16705
16716
16720
16725
16729
16730
16731
16738
16740
16742
16753
16755
16756
16757
16758
16759
16766
16773
16774
16789
16790
16792
16804
16808
16810
16812
16819
16823
16829
16830
16831
16842
16851
16856
16857
16862
16878
16880
16883
16885
16886
16894
16896
16897
16905
16907
16913
16914
16917
16919
16922
16926
16928
16929
16938
16944
16946
16950
16955
16958
16959
16963
16964
16969
16970
16971
16980
16986
16993
17012
17028
17031
17036
17042
17048
17049
17050
17055
17063
17067
17069
17071
17076
17077
17084
17088
17089
17090
17118
17119
17120
17127
17136
17152
17159
17160
17161
17163
17165
17170
17180
17183
17197
17202
17205
17208
17214
17215
17219
17220
17223
17224
17228
17232
17235
17242
17245
17246
17253
17254
17261
17265
17268
17272
17278
17280
17285
17298
17303
17313
17315
17330
17333
17335
17348
17353
17361
17366
17373
17375
17376
17380
17382
17384
17385
17392
17401
17404
17410
17417
17424
17429
17436
17441
17443
17445
17461
17470
17471
17474
17493
17497
17505
17509
17512
17513
17515
17520
17526
17530
17531
17535
17536
17538
17541
17545
17552
17556
17559
17560
17561
17566
17582
17589
17591
17594
17596
17611
17613
17629
17632
17633
17638
17640
17647
17651
17653
17658
17660
17664
17665
17671
17679
17686
17688
17689
17701
17702
17707
17724
17726
17733
17734
17735
17740
17748
17749
17760
17765
17766
17767
17770
17775
17801
17808
17815
17819
17830
17831
17832
17847
17848
17849
17851
17852
17853
17855
17857
17859
17860
17862
17872
17878
17891
17895
17900
17901
17902
17917
17918
17919
17924
17930
17932
17933
17938
17942
17948
17949
17951
17953
17962
17976
17979
17980
17985
17988
17989
17991
17993
17998
18005
18010
18013
18015
18017
18024
18029
18031
18033
18035
18040
18042
18045
18046
18047
18050
18065
18071
18077
18081
18084
18086
18090
18092
18093
18095
18104
18115
18116
18123
18129
18133
18142
18143
18145
18147
18149
18152
18156
18173
18177
18185
18186
18187
18191
18193
18194
18196
18197
18205
18213
18224
18230
18231
18235
18236
18237
18247
18250
18262
18268
18274
18275
18279
18285
18290
18295
18303
18304
18313
18316
18318
18320
18325
18329
18334
18339
18340
18341
18342
18346
18347
18348
18351
18354
18360
18369
18370
18375
18376
18397
18404
18421
18433
18449
18451
18453
18455
18465
18466
18469
18490
18494
18497
18500
18501
18515
18518
18519
18530
18532
18539
18540
18541
18544
18545
18547
18548
18549
18559
18563
18578
18579
18581
18588
18590
18599
18601
18603
18604
18608
18609
18610
18611
18622
18623
18633
18640
18656
18663
18670
18677
18679
18687
18689
18691
18696
18714
18729
18737
18742
18746
18767
18768
18772
18776
18782
18785
18791
18793
18795
18797
18801
18804
18807
18809
18813
18816
18833
18836
18845
18855
18864
18872
18877
18878
18883
18886
18891
18899
18904
18905
18907
18908
18915
18917
18921
18922
18931
18933
18950
18958
18960
18962
18965
18966
18970
18975
18976
18979
18983
18989
18990
18991
19007
19011
19023
19027
19039
19041
19047
19048
19050
19052
19058
19060
19061
19063
19067
19068
19073
19081
19085
19087
19089
19092
19101
19104
19113
19114
19117
19123
19130
19131
19132
19144
19145
19147
19154
19155
19163
19164
19183
19184
19190
19191
19192
19194
19196
19204
19210
19214
19235
19251
19261
19267
19274
19278
19280
19282
19285
19297
19308
19319
19322
19325
19328
19334
19337
19338
19341
19342
19345
19349
19350
19357
19362
19365
19370
19372
19379
19381
19397
19401
19402
19403
19406
19411
19412
19414
19418
19419
19420
19422
19424
19425
19426
19430
19431
19434
19449
19456
19466
19468
19471
19473
19474
19484
19486
19489
19505
19507
19509
19510
19517
19522
19529
19559
19570
19571
19575
19578
19589
19593
19615
19620
19626
19632
19633
19634
19637
19640
19641
19647
19652
19655
19656
19660
19661
19662
19664
19665
19667
19676
19681
19683
19692
19694
19702
19716
19719
19728
19730
19738
19741
19747
19749
19751
19753
19759
19762
19769
19775
19777
19781
19792
19793
19794
19802
19803
19813
19817
19824
19828
19846
19852
19858
19860
19867
19873
19879
19881
19896
19903
19906
19908
19913
19916
19918
19920
19921
19925
19942
19946
19948
19957
19962
19963
19966
19968
19974
19976
19989
19990
20007
20008
20015
20018
20021
20027
20031
20038
20041
20055
20061
20068
20076
20078
20100
20101
20103
20104
20107
20108
20110
20114
20117
20124
20125
20127
20129
20134
20137
20141
20145
20156
20159
20161
20167
20168
20173
20199
20205
20211
20213
20214
20217
20220
20224
20234
20236
20242
20246
20247
20271
20287
20289
20296
20300
20301
20302
20304
20322
20331
20339
20346
20348
20350
20352
20361
20363
20380
20382
20387
20419
20429
20430
20437
20447
20452
20453
20454
20457
20460
20464
20466
20467
20469
20474
20478
20479
20482
20483
20488
20491
20494
20520
20530
20532
20538
20542
20545
20546
20559
20562
20566
20571
20574
20578
20579
20585
20591
20594
20596
20599
20603
20604
20607
20618
20635
20642
20650
20657
20659
20660
20667
20668
20676
20678
20679
20681
20689
20694
20696
20697
20703
20704
20710
20713
20716
20733
20736
20741
20742
20744
20746
20749
20761
20762
20763
20769
20775
20779
20788
20789
20793
20802
20809
20813
20815
20822
20823
20838
20851
20853
20864
20866
20875
20883
20889
20892
20898
20909
20910
20917
20926
20930
20939
20944
20954
20955
20966
20976
20980
20982
20991
20996
21002
21036
21044
21056
21060
21062
21066
21070
21076
21077
21078
21087
21088
21089
21096
21098
21107
21109
21111
21128
21129
21131
21132
21136
21137
21150
21153
21156
21158
21159
21164
21171
21172
21179
21180
21183
21185
21186
21187
21197
21200
21210
21211
21213
21222
21227
21235
21236
21237
21245
21249
21250
21253
21256
21257
21258
21260
21263
21268
21274
21276
21277
21280
21286
21298
21301
21309
21321
21324
21329
21332
21334
21337
21351
21359
21365
21366
21377
21401
21411
21417
21424
21425
21428
21431
21434
21444
21447
21448
21449
21464
21471
21473
21475
21476
21477
21487
21488
21493
21496
21497
21501
21511
21513
21514
21525
21538
21541
21546
21548
21553
21558
21559
21560
21564
21565
21573
21575
21586
21594
21603
21606
21609
21620
21624
21628
21644
21649
21653
21656
21657
21660
21670
21673
21678
21695
21698
21700
21702
21704
21712
21713
21721
21723
21724
21737
21751
21752
21761
21769
21789
21791
21794
21800
21801
21804
21805
21807
21808
21816
21818
21831
21838
21843
21846
21849
21858
21863
21866
21870
21873
21878
21881
21882
21883
21886
21894
21903
21906
21907
21910
21914
21917
21919
21924
21926
21937
21944
21953
21956
21972
21989
21996
21997
22001
22002
22003
22008
22013
22014
22019
22027
22028
22030
22031
22036
22046
22052
22054
22056
22059
22060
22062
22077
22085
22091
22111
22116
22117
22129
22134
22136
22139
22140
22141
22149
22156
22158
22159
22170
22171
22174
22176
22181
22187
22193
22196
22204
22211
22214
22226
22230
22238
22252
22258
22260
22263
22267
22276
22280
22283
22293
22297
22312
22320
22321
22322
22325
22328
22341
22342
22355
22356
22359
22362
22363
22371
22373
22376
22377
22382
22385
22387
22389
22391
22393
22399
22415
22426
22436
22437
22440
22449
22452
22455
22457
22465
22471
22478
22486
22489
22490
22492
22495
22496
22498
22500
22512
22514
22521
22527
22537
22538
22539
22542
22543
22545
22553
22562
22577
22578
22587
22589
22590
22599
22600
22609
22612
22614
22615
22617
22620
22623
22628
22638
22648
22656
22658
22663
22665
22667
22681
22683
22685
22688
22694
22699
22700
22707
22712
22722
22723
22724
22732
22742
22750
22752
22755
22757
22761
22762
22763
22767
22773
22777
22782
22787
22793
22798
22803
22804
22805
22810
22815
22817
22818
22820
22824
22825
22828
22832
22837
22844
22859
22861
22875
22882
22883
22894
22895
22900
22902
22905
22907
22912
22917
22920
22922
22929
22931
22932
22936
22958
22975
22977
22985
22991
22996
22998
23002
23005
23010
23012
23016
23017
23027
23031
23032
23034
23041
23049
23052
23053
23063
23081
23082
23083
23090
23092
23103
23107
23116
23125
23142
23154
23159
23160
23162
23164
23173
23178
23187
23190
23192
23211
23216
23218
23226
23229
23230
23234
23237
23250
23255
23260
23265
23276
23278
23281
23282
23286
23290
23292
23293
23297
23298
23299
23300
23301
23306
23314
23315
23318
23324
23331
23334
23336
23339
23341
23346
23350
23357
23363
23364
23368
23371
23379
23392
23394
23397
23401
23402
23410
23419
23420
23426
23427
23436
23448
23450
23457
23458
23466
23471
23478
23482
23484
23491
23493
23495
23496
23501
23513
23515
23516
23518
23527
23538
23547
23553
23555
23562
23570
23571
23572
23577
23586
23589
23599
23600
23606
23611
23617
23629
23632
23633
23635
23638
23640
23644
23645
23653
23656
23658
23673
23677
23680
23681
23688
23692
23693
23699
23705
23708
23710
23714
23720
23726
23727
23730
23733
23735
23739
23743
23755
23762
23766
23769
23776
23777
23784
23788
23789
23792
23802
23803
23811
23813
23816
23817
23818
23824
23825
23826
23829
23834
23838
23841
23843
23845
23847
23856
23857
23860
23861
23867
23870
23895
23909
23913
23916
23918
23921
23927
23928
23930
23931
23934
23937
23941
23943
23944
23945
23956
23958
23959
23962
23966
23984
23985
23986
23990
24015
24016
24017
24022
24023
24024
24025
24044
24049
24050
24059
24060
24063
24067
24072
24074
24081
24085
24093
24094
24104
24107
24111
24113
24118
24122
24133
24168
24170
24173
24180
24189
24190
24200
24201
24204
24218
24225
24229
24230
24238
24246
24256
24272
24276
24277
24281
24288
24291
24292
24295
24304
24311
24313
24319
24320
24336
24341
24343
24347
24363
24368
24373
24378
24380
24390
24397
24402
24410
24414
24416
24423
24426
24429
24434
24437
24447
24450
24451
24453
24455
24467
24471
24473
24476
24478
24487
24503
24504
24505
24508
24514
24517
24519
24531
24533
24534
24535
24537
24541
24545
24551
24564
24572
24582
24583
24597
24598
24602
24611
24617
24619
24621
24623
24626
24627
24633
24636
24637
24643
24655
24658
24662
24669
24670
24671
24673
24676
24680
24682
24684
24685
24695
24701
24706
24709
24711
24714
24720
24721
24729
24746
24748
24750
24759
24760
24764
24769
24770
24774
24783
24786
24797
24798
24800
24806
24820
24830
24850
24851
24853
24858
24859
24864
24870
24872
24880
24897
24901
24902
24904
24908
24911
24918
24922
24923
24939
24940
24945
24948
24949
24963
24967
24970
24973
24974
24980
24983
24984
24985
24987
24994
24996
24997
25005
25008
25015
25021
25028
25034
25038
25048
25052
25053
25058
25065
25070
25075
25078
25084
25086
25089
25092
25098
25099
25103
25107
25112
25118
25121
25122
25126
25127
25128
25130
25133
25138
25143
25153
25156
25165
25167
25170
25181
25183
25187
25191
25195
25197
25198
25202
25215
25216
25219
25225
25233
25236
25240
25242
25245
25262
25272
25296
25300
25304
25305
25312
25322
25323
25325
25332
25333
25334
25340
25349
25350
25352
25357
25361
25365
25368
25369
25377
25380
25385
25389
25410
25411
25416
25417
25419
25420
25426
25427
25429
25438
25453
25454
25458
25459
25471
25475
25477
25488
25491
25493
25494
25503
25506
25510
25514
25515
25516
25523
25525
25532
25537
25539
25542
25551
25556
25557
25560
25563
25564
25573
25605
25610
25612
25616
25636
25641
25645
25657
25661
25665
25676
25682
25683
25685
25698
25701
25702
25703
25706
25713
25717
25719
25731
25740
25744
25757
25765
25773
25777
25791
25793
25800
25802
25812
25814
25816
25817
25823
25824
25825
25832
25833
25844
25852
25853
25856
25857
25860
25861
25865
25870
25871
25884
25891
25893
25894
25897
25898
25907
25920
25922
25925
25934
25946
25951
25952
25961
25970
25976
25984
25992
25995
25998
26001
26007
26016
26019
26020
26023
26035
26044
26049
26059
26064
26068
26071
26078
26086
26089
26100
26106
26110
26117
26122
26129
26141
26157
26161
26168
26169
26174
26178
26187
26197
26198
26200
26203
26204
26209
26220
26221
26222
26225
26244
26249
26251
26253
26261
26262
26263
26270
26271
26277
26284
26313
26327
26332
26334
26337
26349
26353
26354
26360
26384
26390
26401
26403
26404
26406
26408
26412
26417
26422
26424
26426
26429
26445
26451
26455
26463
26465
26467
26490
26494
26497
26503
26515
26521
26535
26536
26541
26547
26548
26558
26570
26577
26579
26580
26586
26626
26630
26639
26643
26644
26650
26657
26658
26660
26661
26662
26666
26668
26670
26674
26676
26677
26689
26693
26696
26704
26715
26718
26723
26724
26738
26741
26752
26758
26771
26773
26779
26785
26787
26789
26791
26808
26810
26824
26831
26843
26847
26858
26873
26877
26878
26879
26880
26885
26891
26893
26895
26898
26905
26908
26912
26915
26917
26926
26936
26938
26950
26961
26967
26969
26985
26986
26987
26988
26990
26997
26998
27000
27014
27039
27040
27041
27047
27048
27050
27058
27060
27061
27062
27074
27080
27082
27083
27093
27096
27103
27109
27133
27135
27139
27142
27143
27148
27155
27168
27173
27180
27193
27195
27202
27204
27205
27206
27210
27221
27223
27224
27226
27230
27237
27242
27244
27245
27246
27251
27253
27258
27261
27272
27279
27285
27286
27288
27292
27294
27295
27297
27304
27310
27313
27314
27324
27329
27330
27333
27334
27342
27354
27362
27366
27368
27370
27383
27386
27388
27389
27390
27400
27404
27406
27407
27411
27414
27416
27418
27423
27424
27431
27432
27435
27438
27452
27464
27466
27468
27470
27476
27479
27483
27486
27490
27491
27492
27495
27499
27504
27506
27521
27523
27529
27530
27532
27533
27536
27539
27540
27547
27554
27568
27571
27573
27579
27580
27587
27592
27595
27605
27608
27609
27615
27616
27621
27627
27629
27630
27634
27641
27650
27654
27660
27664
27672
27675
27684
27687
27688
27691
27692
27701
27702
27706
27715
27721
27724
27734
27736
27742
27758
27760
27763
27764
27770
27771
27773
27777
27779
27780
27787
27793
27801
27803
27811
27817
27820
27824
27825
27826
27831
27832
27836
27838
27843
27844
27847
27851
27854
27858
27861
27864
27867
27869
27873
27875
27877
27880
27883
27894
27909
27910
27915
27919
27927
27928
27931
27940
27947
27953
27954
27960
27963
27964
27967
27987
27992
27995
27996
27997
28003
28004
28013
28017
28025
28030
28032
28033
28043
28047
28050
28051
28054
28056
28066
28070
28089
28094
28102
28121
28124
28145
28149
28154
28155
28159
28169
28183
28186
28193
28200
28207
28209
28220
28224
28231
28241
28245
28250
28254
28259
28264
28273
28274
28279
28283
28287
28289
28290
28293
28295
28297
28299
28306
28321
28328
28336
28339
28351
28353
28354
28355
28357
28359
28372
28373
28381
28384
28389
28395
28398
28406
28408
28412
28413
28417
28433
28435
28437
28438
28443
28447
28457
28464
28465
28473
28476
28481
28486
28489
28506
28510
28515
28520
28524
28527
28532
28537
28540
28547
28551
28558
28566
28569
28573
28587
28589
28590
28595
28603
28611
28615
28618
28621
28622
28624
28634
28636
28644
28651
28653
28660
28662
28663
28671
28672
28673
28676
28683
28685
28687
28691
28692
28695
28700
28704
28708
28712
28714
28721
28724
28730
28731
28740
28751
28756
28760
28761
28762
28763
28769
28771
28772
28775
28778
28781
28788
28793
28811
28818
28819
28820
28833
28835
28840
28845
28866
28868
28871
28878
28881
28884
28885
28888
28890
28896
28897
28900
28904
28906
28908
28912
28916
28920
28922
28924
28931
28939
28940
28942
28954
28956
28963
28977
28986
28988
28998
29004
29005
29011
29024
29030
29031
29032
29033
29044
29055
29062
29077
29080
29084
29092
29093
29099
29103
29104
29109
29116
29121
29124
29125
29129
29153
29154
29157
29164
29172
29186
29188
29193
29194
29204
29205
29207
29209
29219
29222
29223
29229
29231
29236
29237
29241
29249
29257
29258
29259
29260
29270
29274
29275
29277
29282
29284
29302
29305
29308
29312
29315
29321
29325
29336
29337
29344
29355
29356
29358
29368
29372
29388
29392
29394
29399
29404
29406
29407
29411
29412
29416
29419
29427
29431
29433
29434
29437
29448
29452
29457
29474
29483
29487
29490
29493
29495
29497
29499
29501
29505
29507
29508
29509
29517
29520
29532
29533
29534
29538
29548
29555
29557
29572
29573
29578
29580
29582
29585
29590
29594
29595
29596
29599
29605
29609
29610
29616
29629
29633
29634
29676
29679
29684
29687
29694
29697
29705
29710
29712
29726
29728
29738
29741
29742
29751
29759
29760
29765
29781
29782
29784
29792
29793
29796
29805
29808
29820
29821
29822
29823
29825
29826
29835
29847
29849
29852
29854
29866
29869
29872
29875
29881
29885
29895
29901
29915
29929
29942
29943
29950
29957
29962
29963
29964
29968
29979
29988
29993
29996
29999
30006
30009
30011
30014
30020
30021
30024
30027
30029
30040
30041
30043
30049
30050
30053
30057
30058
30062
30080
30084
30085
30090
30094
30095
30097
30100
30104
30113
30117
30125
30129
30134
30137
30153
30159
30160
30165
30167
30176
30180
30182
30184
30188
30204
30206
30213
30222
30223
30230
30235
30243
30244
30247
30266
30275
30277
30283
30288
30295
30305
30308
30315
30317
30326
30327
30329
30333
30338
30350
30351
30354
30375
30386
30388
30390
30396
30399
30401
30407
30433
30453
30458
30476
30478
30479
30483
30496
30497
30506
30511
30523
30526
30528
30543
30547
30548
30556
30560
30561
30578
30583
30587
30590
30597
30603
30606
30609
30617
30619
30624
30625
30626
30631
30636
30637
30640
30643
30655
30660
30665
30670
30682
30687
30688
30692
30696
30701
30711
30718
30720
30721
30722
30724
30736
30749
30754
30768
30773
30778
30779
30780
30783
30790
30792
30796
30798
30805
30810
30811
30814
30818
30823
30830
30845
30848
30855
30859
30860
30867
30872
30874
30877
30883
30896
30897
30903
30904
30905
30910
30919
30921
30922
30925
30926
30930
30932
30933
30939
30941
30943
30945
30952
30955
30958
30965
30968
30977
30978
30980
30985
30992
30993
30994
30995
31002
31010
31017
31020
31021
31024
31028
31032
31045
31049
31061
31062
31067
31074
31077
31086
31098
31101
31114
31117
31118
31121
31124
31130
31135
31137
31139
31140
31152
31154
31160
31162
31169
31171
31175
31181
31182
31189
31190
31196
31202
31203
31206
31208
31210
31213
31219
31224
31228
31261
31264
31269
31272
31279
31280
31282
31287
31293
31295
31297
31306
31313
31315
31317
31319
31332
31336
31337
31338
31360
31365
31369
31371
31373
31381
31382
31383
31384
31396
31408
31409
31413
31417
31418
31422
31427
31432
31433
31436
31441
31444
31446
31456
31463
31469
31480
31486
31488
31492
31501
31502
31504
31507
31514
31516
31521
31534
31539
31544
31545
31557
31565
31567
31574
31584
31587
31589
31591
31598
31601
31613
31625
31631
31637
31640
31645
31657
31660
31671
31679
31683
31684
31698
31704
31711
31716
31728
31733
31738
31756
31769
31771
31774
31781
31782
31784
31790
31797
31799
31800
31801
31803
31815
31818
31830
31831
31835
31838
31839
31842
31850
31855
31883
31884
31888
31890
31896
31899
31904
31905
31909
31913
31918
31930
31933
31939
31957
31963
31965
31967
31987
32005
32006
32008
32009
32010
32017
32020
32022
32027
32028
32031
32040
32048
32051
32060
32062
32069
32070
32073
32077
32078
32080
32087
32094
32104
32106
32108
32109
32110
32115
32116
32122
32124
32126
32128
32130
32131
32135
32136
32139
32152
32155
32158
32172
32173
32176
32184
32188
32189
32197
32201
32202
32205
32218
32222
32228
32231
32235
32240
32246
32264
32267
32268
32271
32273
32283
32287
32291
32309
32312
32316
32318
32322
32326
32328
32329
32336
32344
32346
32350
32362
32371
32372
32377
32379
32381
32388
32394
32395
32396
32398
32401
32406
32411
32423
32432
32436
32440
32446
32454
32460
32466
32476
32481
32489
32490
32491
32492
32494
32497
32498
32504
32514
32520
32532
32534
32536
32544
32546
32555
32557
32560
32561
32564
32568
32573
32575
32576
32583
32588
32590
32602
32604
32605
32610
32613
32615
32616
32621
32622
32623
32624
32628
32631
32641
32642
32644
32647
32652
32654
32659
32667
32677
32679
32689
32691
32692
32699
32706
32710
32712
32715
32721
32727
32734
32739
32741
32746
32747
32771
32772
32777
32780
32781
32783
32789
32794
32795
32796
32817
32826
32827
32832
32837
32841
32843
32856
32857
32859
32861
32862
32865
32867
32876
32883
32884
32885
32899
32901
32906
32908
32912
32914
32917
32920
32931
32943
32945
32951
32952
32955
32956
32957
32967
32983
32984
32986
32990
32991
32993
32995
33015
33017
33029
33054
33055
33060
33061
33062
33067
33071
33072
33073
33079
33088
33098
33101
33104
33106
33107
33111
33112
33113
33134
33140
33141
33149
33152
33159
33165
33166
33167
33169
33171
33181
33183
33200
33204
33206
33208
33211
33212
33221
33230
33232
33233
33242
33245
33248
33249
33250
33251
33254
33255
33257
33262
33269
33270
33274
33275
33277
33278
33279
33282
33284
33290
33296
33298
33300
33303
33310
33319
33320
33323
33328
33332
33336
33348
33349
33350
33354
33369
33375
33376
33383
33402
33405
33406
33407
33412
33417
33425
33428
33430
33436
33437
33439
33441
33442
33451
33452
33453
33454
33455
33456
33459
33461
33466
33475
33477
33479
33486
33488
33489
33494
33507
33508
33512
33519
33521
33523
33531
33550
33559
33561
33566
33575
33578
33582
33589
33590
33592
33594
33596
33598
33608
33615
33618
33624
33627
33628
33629
33641
33645
33646
33651
33654
33657
33660
33661
33664
33665
33674
33677
33686
33694
33701
33705
33707
33727
33735
33745
33746
33753
33758
33759
33761
33770
33772
33774
33778
33780
33782
33787
33788
33795
33799
33801
33802
33803
33808
33809
33817
33826
33827
33828
33834
33835
33836
33848
33855
33862
33866
33869
33876
33884
33890
33892
33893
33898
33901
33904
33911
33915
33918
33932
33934
33935
33941
33947
33948
33952
33960
33962
33967
33979
33980
33981
33983
33990
33991
33993
33994
33996
33997
34000
34001
34008
34014
34016
34017
34021
34032
34033
34042
34044
34046
34048
34053
34054
34056
34057
34065
34067
34072
34074
34079
34081
34083
34091
34098
34103
34105
34116
34119
34126
34134
34137
34139
34140
34143
34148
34151
34159
34169
34173
34187
34192
34197
34204
34207
34210
34213
34226
34229
34230
34231
34232
34234
34236
34239
34246
34248
34270
34271
34272
34274
34284
34285
34297
34302
34303
34305
34308
34313
34314
34317
34323
34326
34329
34332
34334
34335
34336
34342
34345
34346
34348
34349
34350
34351
34354
34372
34376
34380
34392
34396
34403
34415
34426
34438
34439
34444
34447
34455
34458
34461
34464
34465
34466
34468
34469
34471
34477
34487
34490
34492
34498
34499
34501
34507
34513
34516
34519
34533
34541
34542
34544
34546
34550
34556
34559
34572
34573
34574
34578
34580
34585
34597
34599
34602
34603
34604
34608
34609
34618
34620
34622
34623
34627
34629
34631
34636
34645
34650
34658
34666
34674
34675
34678
34685
34688
34689
34693
34694
34697
34701
34707
34708
34713
34718
34731
34734
34737
34738
34739
34743
34745
34753
34758
34765
34769
34773
34775
34776
34777
34788
34790
34792
34794
34802
34807
34819
34821
34831
34834
34837
34839
34840
34844
34851
34852
34856
34865
34867
34868
34872
34878
34883
34888
34891
34895
34896
34900
34904
34907
34915
34916
34922
34923
34925
34939
34940
34944
34946
34947
34957
34959
34963
34966
34972
34978
34980
34985
34987
35000
35005
35006
35008
35011
35016
35025
35026
35029
35032
35035
35037
35042
35044
35045
35053
35054
35055
35063
35064
35065
35067
35078
35087
35093
35102
35105
35108
35120
35122
35124
35125
35126
35127
35133
35140
35145
35146
35149
35158
35169
35170
35172
35175
35181
35185
35189
35191
35200
35202
35204
35206
35210
35211
35212
35225
35227
35228
35238
35239
35246
35248
35253
35269
35287
35301
35304
35308
35316
35317
35325
35326
35329
35331
35333
35337
35341
35342
35343
35352
35353
35362
35363
35372
35373
35380
35390
35397
35403
35411
35414
35415
35420
35426
35428
35430
35433
35451
35457
35461
35465
35469
35472
35485
35486
35491
35500
35502
35507
35516
35523
35524
35530
35538
35542
35544
35546
35554
35569
35572
35580
35583
35589
35593
35594
35609
35612
35613
35622
35624
35625
35639
35640
35658
35698
35702
35703
35710
35721
35724
35729
35731
35732
35742
35743
35749
35760
35767
35771
35777
35778
35785
35792
35794
35797
35801
35816
35820
35821
35823
35828
35829
35835
35838
35839
35843
35844
35848
35852
35856
35860
35868
35880
35883
35886
35897
35900
35902
35909
35910
35911
35913
35914
35915
35918
35919
35920
35923
35934
35938
35940
35941
35943
35944
35948
35960
35963
35965
35970
35971
35977
35978
35980
35981
35985
35986
35988
35995
35998
35999
36005
36013
36015
36018
36021
36022
36025
36028
36041
36043
36051
36054
36058
36063
36065
36072
36084
36094
36108
36115
36118
36125
36142
36153
36157
36162
36176
36178
36179
36194
36195
36196
36198
36199
36203
36206
36207
36208
36214
36219
36224
36226
36236
36243
36249
36267
36270
36275
36280
36281
36284
36285
36290
36291
36294
36321
36339
36345
36355
36358
36359
36361
36368
36369
36376
36377
36386
36387
36389
36392
36396
36405
36420
36423
36425
36426
36427
36428
36434
36436
36437
36439
36442
36443
36444
36452
36456
36467
36477
36480
36483
36487
36490
36495
36496
36503
36515
36518
36520
36521
36524
36543
36547
36548
36557
36562
36567
36569
36575
36577
36582
36590
36594
36600
36609
36613
36615
36619
36633
36639
36642
36643
36651
36657
36658
36663
36665
36677
36679
36689
36690
36691
36692
36695
36696
36700
36701
36709
36710
36711
36713
36720
36721
36723
36727
36730
36734
36741
36744
36752
36756
36765
36770
36772
36773
36778
36781
36785
36786
36788
36789
36797
36801
36804
36809
36816
36817
36826
36830
36839
36847
36854
36855
36858
36859
36863
36865
36869
36870
36875
36876
36878
36879
36898
36911
36926
36929
36933
36934
36935
36951
36956
36962
36968
36970
36975
36985
36990
36992
36993
37002
37006
37011
37012
37019
37024
37026
37033
37039
37040
37042
37046
37047
37048
37050
37052
37058
37060
37066
37068
37070
37077
37082
37084
37089
37090
37093
37098
37109
37110
37117
37118
37124
37126
37127
37129
37130
37136
37139
37152
37157
37159
37167
37169
37187
37188
37191
37193
37199
37210
37227
37230
37238
37245
37261
37265
37269
37270
37277
37285
37292
37300
37317
37320
37325
37336
37341
37343
37346
37350
37355
37365
37367
37372
37382
37402
37404
37412
37413
37425
37426
37428
37429
37435
37444
37446
37448
37449
37454
37462
37463
37468
37471
37476
37478
37484
37485
37496
37503
37507
37511
37515
37519
37522
37526
37536
37537
37538
37543
37548
37551
37554
37556
37557
37558
37573
37578
37590
37596
37600
37602
37606
37612
37615
37617
37621
37623
37625
37637
37649
37655
37659
37660
37663
37665
37678
37680
37701
37705
37721
37725
37726
37733
37739
37742
37746
37747
37748
37762
37767
37770
37771
37774
37775
37785
37788
37795
37808
37809
37811
37812
37814
37815
37818
37820
37827
37828
37843
37859
37866
37871
37872
37873
37882
37888
37890
37893
37900
37904
37916
37920
37922
37925
37926
37934
37939
37942
37948
37951
37958
37966
37968
37980
37982
37988
38000
38006
38020
38032
38037
38043
38044
38048
38061
38070
38078
38080
38081
38085
38098
38118
38120
38125
38138
38160
38161
38164
38166
38174
38176
38177
38181
38184
38191
38202
38211
38212
38220
38224
38229
38234
38235
38238
38239
38243
38249
38251
38254
38255
38257
38259
38267
38270
38271
38274
38287
38289
38294
38298
38299
38301
38303
38307
38311
38316
38321
38323
38329
38334
38335
38336
38344
38347
38354
38355
38362
38389
38392
38394
38399
38400
38406
38410
38414
38415
38418
38419
38427
38429
38443
38453
38460
38461
38485
38495
38497
38501
38512
38526
38527
38532
38540
38542
38543
38544
38547
38549
38551
38556
38562
38563
38565
38574
38579
38580
38594
38597
38604
38608
38614
38618
38632
38640
38643
38652
38660
38663
38667
38675
38686
38687
38690
38692
38701
38708
38716
38721
38729
38730
38732
38734
38737
38741
38747
38750
38751
38752
38754
38758
38759
38760
38767
38774
38779
38782
38783
38788
38792
38797
38800
38803
38813
38822
38823
38826
38831
38835
38841
38846
38862
38867
38869
38872
38883
38884
38889
38890
38895
38903
38914
38915
38922
38937
38939
38946
38949
38951
38954
38956
38957
38960
38961
38962
38964
38974
38976
38977
38981
38987
38988
38994
38998
39001
39004
39005
39012
39014
39021
39023
39033
39036
39041
39044
39052
39056
39068
39073
39081
39083
39089
39096
39111
39114
39117
39118
39119
39123
39127
39134
39140
39141
39142
39143
39145
39149
39162
39167
39184
39187
39189
39190
39196
39202
39204
39205
39208
39215
39217
39222
39224
39227
39230
39238
39243
39247
39258
39264
39272
39275
39276
39282
39283
39293
39299
39307
39309
39310
39318
39323
39325
39327
39328
39334
39335
39347
39350
39355
39356
39364
39367
39371
39375
39391
39394
39395
39396
39399
39405
39406
39408
39411
39433
39439
39445
39447
39448
39456
39471
39474
39484
39485
39486
39492
39494
39502
39512
39520
39526
39527
39543
39546
39559
39563
39564
39568
39569
39573
39574
39576
39578
39585
39588
39589
39590
39591
39598
39633
39634
39639
39641
39650
39652
39654
39657
39660
39667
39668
39669
39674
39680
39685
39690
39697
39698
39705
39707
39708
39710
39714
39721
39734
39743
39747
39748
39754
39770
39773
39777
39782
39783
39786
39789
39792
39802
39805
39809
39811
39813
39824
39830
39839
39843
39844
39852
39867
39868
39870
39882
39888
39893
39899
39904
39916
39917
39931
39932
39935
39943
39944
39946
39947
39956
39957
39959
39960
39963
39964
39980
39983
39986
39988
39991
39992
39996
39999
40000
40012
40019
40021
40023
40025
40039
40044
40050
40054
40056
40062
40085
40093
40097
40099
40101
40105
40106
40122
40133
40134
40145
40150
40156
40161
40173
40180
40184
40190
40191
40195
40197
40205
40211
40220
40231
40235
40238
40247
40260
40262
40267
40268
40278
40280
40287
40290
40292
40299
40301
40322
40323
40325
40326
40327
40330
40341
40348
40353
40362
40364
40367
40371
40372
40373
40377
40378
40386
40390
40393
40398
40403
40409
40410
40411
40413
40414
40415
40419
40420
40421
40424
40426
40432
40447
40449
40452
40457
40463
40464
40470
40471
40473
40475
40484
40491
40504
40505
40514
40526
40529
40530
40531
40533
40535
40540
40547
40550
40556
40559
40566
40572
40575
40577
40581
40585
40588
40591
40593
40594
40604
40610
40613
40614
40617
40634
40640
40647
40648
40650
40654
40655
40656
40659
40670
40680
40684
40690
40694
40708
40710
40712
40714
40720
40721
40731
40732
40736
40744
40750
40759
40760
40769
40772
40774
40775
40783
40786
40787
40789
40792
40798
40809
40817
40819
40822
40826
40835
40838
40839
40842
40845
40851
40852
40857
40859
40862
40865
40869
40873
40875
40877
40884
40889
40894
40895
40896
40899
40900
40905
40906
40907
40909
40910
40915
40918
40926
40939
40943
40947
40951
40952
40957
40969
40978
40983
40986
40997
41004
41005
41013
41026
41027
41033
41035
41036
41038
41039
41043
41046
41053
41056
41061
41083
41084
41087
41091
41096
41102
41110
41111
41119
41121
41135
41150
41154
41155
41156
41165
41166
41170
41181
41183
41189
41190
41191
41197
41199
41210
41213
41219
41229
41235
41237
41241
41255
41262
41264
41269
41280
41289
41290
41292
41295
41298
41301
41305
41310
41319
41323
41324
41329
41338
41340
41344
41347
41349
41354
41362
41365
41374
41379
41381
41390
41408
41420
41430
41437
41456
41463
41466
41467
41502
41510
41513
41518
41520
41521
41523
41524
41525
41531
41532
41534
41536
41539
41546
41552
41553
41554
41557
41560
41562
41570
41572
41581
41587
41592
41597
41598
41602
41604
41607
41615
41621
41623
41628
41640
41646
41647
41652
41658
41659
41663
41668
41670
41673
41677
41680
41683
41684
41686
41705
41709
41718
41721
41725
41726
41731
41738
41743
41762
41763
41765
41769
41771
41780
41781
41782
41784
41786
41788
41791
41798
41802
41805
41809
41810
41815
41818
41820
41827
41828
41833
41845
41853
41858
41863
41873
41875
41876
41882
41883
41886
41905
41906
41908
41911
41912
41913
41915
41922
41928
41934
41936
41938
41948
41953
41954
41960
41964
41971
41978
41979
41981
41984
41989
42002
42010
42018
42019
42030
42031
42036
42039
42040
42041
42046
42049
42053
42057
42062
42068
42071
42075
42076
42082
42083
42090
42103
42108
42110
42117
42118
42119
42134
42137
42142
42148
42154
42160
42171
42176
42177
42179
42183
42185
42189
42198
42201
42202
42203
42207
42216
42217
42219
42224
42225
42229
42230
42240
42241
42247
42248
42250
42251
42257
42260
42262
42270
42276
42278
42285
42286
42287
42289
42290
42295
42298
42301
42310
42312
42319
42322
42328
42337
42339
42346
42356
42373
42396
42403
42405
42410
42418
42423
42424
42436
42439
42446
42447
42449
42455
42470
42476
42477
42486
42488
42496
42499
42503
42510
42512
42520
42522
42526
42534
42539
42540
42541
42554
42557
42562
42566
42567
42568
42570
42580
42585
42589
42593
42603
42608
42611
42617
42626
42629
42646
42655
42660
42664
42665
42667
42672
42673
42681
42683
42684
42688
42696
42700
42705
42710
42712
42716
42721
42725
42727
42746
42747
42748
42749
42750
42752
42760
42762
42767
42769
42772
42777
42794
42795
42797
42798
42806
42815
42821
42827
42830
42831
42840
42842
42843
42845
42846
42849
42851
42855
42862
42867
42868
42872
42873
42875
42881
42887
42889
42898
42899
42900
42902
42904
42905
42906
42908
42913
42928
42935
42938
42947
42949
42950
42951
42956
42959
42961
42965
42968
42971
42992
42993
43002
43003
43009
43010
43011
43018
43020
43022
43024
43033
43047
43052
43059
43061
43063
43064
43072
43077
43078
43079
43087
43104
43105
43107
43115
43119
43124
43127
43136
43149
43150
43153
43169
43171
43172
43174
43176
43180
43186
43188
43191
43198
43199
43203
43206
43208
43216
43217
43220
43229
43230
43234
43239
43241
43245
43257
43270
43272
43274
43283
43286
43288
43295
43297
43299
43318
43321
43323
43324
43325
43334
43344
43345
43348
43360
43361
43370
43371
43375
43377
43379
43387
43388
43389
43392
43393
43394
43399
43412
43415
43416
43420
43423
43424
43428
43437
43445
43456
43457
43458
43462
43463
43470
43472
43475
43478
43479
43482
43493
43497
43498
43500
43502
43508
43522
43526
43527
43529
43532
43533
43544
43557
43561
43564
43587
43590
43592
43597
43598
43616
43619
43621
43622
43625
43627
43628
43630
43631
43635
43638
43642
43643
43653
43673
43679
43693
43705
43708
43710
43720
43723
43725
43737
43742
43746
43749
43754
43763
43765
43771
43772
43780
43783
43794
43795
43801
43818
43825
43827
43833
43835
43845
43850
43858
43874
43878
43886
43895
43903
43904
43921
43928
43933
43934
43938
43948
43956
43963
43964
43965
43970
43975
43983
43995
43996
44001
44004
44012
44017
44024
44027
44028
44033
44034
44083
44085
44090
44094
44097
44098
44100
44108
44119
44125
44129
44132
44153
44155
44157
44159
44172
44173
44174
44182
44195
44197
44199
44200
44203
44210
44215
44220
44244
44248
44251
44253
44256
44259
44260
44261
44267
44270
44284
44285
44288
44291
44296
44314
44327
44329
44333
44338
44340
44342
44343
44346
44355
44359
44363
44365
44367
44371
44373
44379
44384
44390
44394
44402
44403
44404
44407
44409
44410
44417
44420
44421
44423
44424
44428
44436
44439
44445
44446
44447
44465
44472
44481
44486
44491
44495
44501
44503
44506
44514
44515
44517
44522
44527
44528
44531
44535
44540
44550
44554
44563
44572
44583
44588
44597
44608
44610
44611
44613
44617