0
4
7
14
18
21
24
26
27
28
32
35
38
46
47
49
50
56
60
61
65
66
69
70
73
77
81
91
96
102
104
113
116
120
121
125
130
134
142
144
146
151
156
161
162
172
173
174
185
191
194
200
210
220
232
234
252
253
256
265
268
272
281
282
287
289
291
306
307
314
317
321
323
330
343
348
350
351
354
355
359
361
366
367
368
371
377
380
383
385
394
396
404
406
409
410
418
419
420
421
427
428
429
431
440
446
447
465
466
486
488
497
499
515
517
519
530
532
536
541
551
560
566
567
572
581
595
598
607
618
619
621
623
634
635
640
646
647
651
652
654
657
662
674
676
683
684
685
690
696
699
702
704
705
708
716
719
720
728
730
732
739
744
747
750
755
771
774
778
781
783
787
801
802
805
815
816
821
824
830
833
834
835
838
839
841
843
844
850
852
864
865
868
873
877
893
894
895
902
906
921
922
939
946
952
957
961
964
967
969
970
973
975
977
988
1001
1012
1016
1023
1033
1042
1045
1047
1053
1060
1078
1083
1086
1088
1089
1091
1095
1100
1101
1105
1106
1107
1113
1118
1128
1133
1140
1145
1146
1154
1169
1171
1174
1175
1201
1205
1209
1213
1214
1225
1227
1229
1230
1233
1242
1245
1252
1258
1265
1267
1268
1269
1271
1273
1275
1277
1285
1286
1289
1297
1306
1312
1319
1321
1324
1326
1327
1329
1337
1346
1347
1348
1365
1375
1377
1385
1390
1395
1402
1406
1419
1420
1425
1426
1428
1429
1433
1440
1444
1448
1457
1458
1461
1466
1482
1483
1489
1491
1493
1497
1514
1515
1520
1522
1526
1538
1541
1544
1580
1581
1582
1586
1592
1593
1594
1600
1602
1620
1622
1629
1630
1631
1633
1634
1639
1648
1652
1665
1666
1668
1671
1674
1678
1679
1684
1687
1694
1698
1700
1701
1703
1707
1725
1730
1731
1732
1746
1751
1753
1761
1762
1766
1769
1776
1777
1788
1790
1792
1804
1808
1814
1816
1819
1821
1829
1842
1850
1863
1865
1866
1873
1876
1877
1886
1891
1897
1914
1923
1926
1930
1933
1934
1937
1944
1947
1951
1954
1956
1967
1970
1974
1982
1991
1993
1995
2006
2007
2009
2018
2023
2025
2026
2027
2033
2038
2039
2042
2043
2051
2056
2060
2069
2070
2073
2075
2080
2085
2098
2099
2106
2115
2123
2129
2137
2140
2152
2153
2163
2170
2171
2180
2182
2186
2192
2195
2199
2203
2204
2208
2209
2211
2214
2220
2228
2244
2246
2247
2252
2263
2266
2267
2272
2276
2279
2280
2290
2291
2294
2297
2309
2310
2322
2325
2331
2335
2336
2346
2347
2358
2359
2368
2379
2384
2397
2403
2407
2411
2412
2417
2418
2419
2420
2429
2436
2441
2444
2445
2450
2451
2452
2453
2454
2455
2458
2459
2461
2465
2467
2468
2474
2486
2494
2498
2507
2517
2518
2526
2533
2544
2548
2550
2551
2552
2564
2578
2590
2591
2592
2596
2607
2613
2616
2617
2623
2630
2632
2641
2645
2646
2650
2654
2662
2667
2668
2669
2670
2673
2674
2677
2678
2685
2686
2687
2715
2717
2722
2723
2724
2733
2739
2740
2741
2743
2744
2749
2764
2766
2768
2776
2779
2782
2786
2789
2792
2793
2794
2799
2801
2811
2816
2821
2822
2823
2827
2833
2843
2845
2846
2850
2854
2857
2859
2861
2862
2870
2872
2874
2876
2882
2884
2887
2888
2892
2894
2911
2913
2922
2927
2931
2938
2949
2958
2966
2977
2982
2983
2986
2987
2997
2998
2999
3001
3007
3008
3014
3020
3023
3024
3028
3030
3036
3037
3040
3042
3043
3048
3050
3061
3063
3066
3068
3074
3080
3087
3091
3093
3099
3104
3106
3107
3110
3114
3116
3122
3130
3133
3144
3145
3147
3148
3151
3158
3168
3172
3181
3195
3200
3202
3205
3210
3213
3217
3224
3226
3236
3239
3242
3244
3247
3250
3253
3254
3261
3264
3268
3269
3272
3276
3277
3286
3299
3302
3308
3312
3319
3325
3329
3332
3336
3337
3341
3345
3350
3355
3361
3364
3369
3371
3377
3378
3382
3385
3387
3389
3391
3392
3394
3395
3407
3410
3411
3421
3427
3436
3439
3445
3453
3470
3482
3485
3486
3488
3493
3495
3498
3500
3502
3508
3513
3515
3522
3528
3532
3540
3542
3544
3545
3555
3556
3559
3565
3578
3581
3582
3589
3592
3595
3598
3602
3604
3616
3617
3618
3624
3626
3632
3636
3641
3642
3645
3650
3653
3662
3666
3670
3674
3675
3676
3683
3695
3700
3708
3728
3730
3731
3737
3743
3749
3751
3753
3754
3759
3761
3762
3764
3769
3770
3773
3774
3777
3779
3794
3802
3804
3817
3822
3829
3830
3832
3834
3836
3847
3849
3850
3852
3855
3858
3862
3866
3871
3878
3880
3884
3885
3887
3889
3892
3896
3915
3918
3924
3935
3939
3941
3949
3950
3951
3955
3956
3957
3978
3981
3983
3984
3996
3999
4005
4010
4024
4025
4029
4035
4053
4058
4070
4078
4082
4087
4091
4096
4103
4106
4112
4113
4114
4116
4122
4130
4132
4134
4136
4137
4140
4142
4147
4150
4154
4167
4169
4170
4175
4178
4185
4193
4195
4197
4201
4205
4206
4213
4220
4223
4224
4225
4233
4242
4245
4246
4249
4253
4260
4270
4277
4279
4280
4281
4290
4297
4303
4305
4309
4310
4315
4323
4324
4327
4330
4341
4352
4355
4356
4361
4364
4368
4370
4371
4373
4375
4379
4391
4421
4437
4439
4441
4445
4450
4458
4474
4479
4481
4484
4485
4495
4496
4497
4504
4505
4506
4527
4530
4536
4539
4542
4546
4547
4548
4561
4564
4576
4582
4584
4586
4587
4590
4593
4601
4606
4609
4612
4626
4633
4634
4644
4648
4649
4653
4657
4658
4659
4661
4664
4683
4694
4698
4702
4709
4716
4717
4728
4733
4736
4738
4743
4753
4759
4767
4772
4774
4785
4786
4787
4790
4793
4795
4808
4820
4821
4823
4828
4829
4838
4850
4854
4862
4863
4865
4866
4868
4871
4874
4896
4897
4900
4908
4910
4912
4913
4922
4923
4928
4934
4936
4937
4938
4939
4940
4952
4954
4957
4958
4959
4961
4963
4968
4970
4971
4979
4987
4989
5008
5014
5020
5025
5029
5030
5035
5038
5042
5045
5049
5052
5056
5059
5073
5079
5080
5083
5084
5089
5094
5095
5097
5099
5102
5116
5122
5129
5133
5135
5137
5138
5139
5140
5145
5152
5157
5164
5166
5176
5177
5180
5185
5192
5198
5199
5205
5212
5214
5218
5221
5223
5234
5238
5243
5244
5246
5249
5251
5252
5253
5256
5259
5260
5265
5266
5270
5279
5280
5283
5285
5291
5292
5293
5299
5303
5304
5306
5315
5323
5325
5338
5340
5341
5342
5349
5351
5353
5361
5364
5391
5392
5394
5413
5419
5437
5442
5444
5457
5458
5461
5462
5471
5486
5493
5494
5505
5507
5511
5512
5514
5517
5523
5529
5534
5545
5547
5548
5566
5569
5570
5573
5575
5587
5594
5597
5601
5605
5618
5619
5621
5629
5630
5636
5649
5655
5658
5668
5670
5674
5675
5676
5688
5690
5694
5698
5710
5713
5721
5727
5729
5733
5735
5736
5738
5747
5750
5751
5757
5758
5759
5763
5769
5781
5794
5829
5837
5842
5848
5854
5856
5863
5864
5868
5878
5879
5886
5888
5891
5898
5899
5902
5908
5909
5915
5918
5925
5934
5945
5950
5951
5954
5959
5967
5979
5980
5982
5993
5995
6012
6017
6020
6024
6034
6037
6039
6040
6044
6047
6048
6049
6054
6056
6058
6062
6064
6068
6086
6088
6091
6100
6103
6105
6106
6108
6110
6111
6118
6127
6130
6131
6133
6134
6138
6140
6143
6145
6155
6161
6165
6166
6174
6178
6184
6186
6187
6192
6196
6200
6201
6215
6221
6224
6225
6230
6238
6240
6242
6244
6248
6250
6252
6253
6267
6271
6277
6279
6283
6292
6299
6306
6307
6312
6316
6322
6324
6329
6331
6338
6341
6349
6351
6362
6367
6378
6382
6390
6393
6405
6407
6412
6417
6418
6437
6448
6453
6456
6460
6461
6462
6466
6467
6479
6480
6487
6489
6490
6491
6504
6521
6528
6538
6547
6550
6555
6562
6566
6583
6591
6598
6601
6604
6612
6619
6620
6621
6622
6627
6629
6635
6642
6646
6647
6656
6665
6672
6677
6683
6687
6691
6699
6706
6708
6709
6722
6725
6741
6757
6763
6765
6768
6769
6770
6776
6783
6790
6794
6807
6811
6815
6817
6820
6821
6823
6835
6836
6840
6841
6850
6853
6857
6858
6859
6861
6869
6871
6873
6880
6884
6887
6888
6892
6893
6900
6903
6905
6916
6924
6926
6935
6948
6949
6966
6967
6968
6969
6974
6977
6980
6983
6985
6988
6989
6992
6997
6998
7006
7019
7023
7030
7032
7033
7034
7035
7041
7044
7050
7053
7064
7071
7073
7075
7080
7082
7085
7088
7101
7116
7133
7135
7139
7146
7149
7150
7152
7155
7163
7170
7174
7176
7177
7179
7181
7183
7193
7197
7208
7210
7220
7221
7227
7235
7240
7241
7242
7244
7254
7264
7275
7279
7283
7289
7291
7294
7298
7300
7302
7304
7308
7309
7310
7317
7320
7323
7326
7333
7336
7338
7340
7352
7360
7361
7370
7374
7383
7385
7391
7392
7394
7405
7407
7410
7414
7418
7423
7425
7428
7436
7456
7462
7471
7474
7479
7486
7490
7491
7497
7499
7500
7507
7512
7519
7520
7523
7533
7545
7547
7548
7563
7570
7575
7577
7578
7579
7582
7586
7590
7591
7594
7598
7602
7606
7609
7610
7611
7612
7625
7627
7628
7629
7639
7642
7645
7650
7651
7652
7654
7669
7675
7676
7686
7689
7691
7692
7702
7703
7709
7710
7714
7717
7733
7734
7736
7737
7748
7757
7764
7765
7776
7777
7782
7796
7797
7798
7799
7805
7807
7808
7809
7813
7815
7830
7843
7844
7846
7857
7860
7862
7864
7868
7871
7878
7884
7887
7889
7901
7904
7906
7907
7914
7919
7929
7934
7946
7954
7958
7959
7965
7972
7975
7982
7985
7987
7992
7993
8001
8023
8027
8038
8040
8041
8042
8044
8052
8055
8059
8063
8068
8079
8087
8090
8095
8096
8097
8102
8105
8106
8111
8113
8117
8121
8122
8123
8125
8134
8140
8143
8147
8154
8157
8160
8161
8163
8174
8176
8184
8194
8202
8205
8215
8221
8224
8227
8230
8252
8253
8256
8258
8264
8275
8285
8286
8288
8289
8296
8298
8300
8303
8305
8313
8315
8322
8326
8332
8341
8342
8347
8352
8361
8363
8365
8366
8379
8384
8386
8416
8417
8425
8427
8432
8433
8436
8441
8446
8448
8455
8456
8466
8468
8480
8481
8487
8495
8498
8509
8510
8525
8528
8531
8536
8541
8544
8548
8554
8559
8561
8563
8564
8566
8571
8574
8575
8584
8600
8603
8605
8608
8611
8621
8626
8631
8638
8642
8651
8661
8669
8675
8683
8698
8700
8705
8713
8714
8715
8723
8724
8732
8733
8734
8739
8741
8744
8748
8760
8769
8780
8785
8791
8798
8800
8804
8810
8820
8833
8843
8848
8849
8854
8858
8865
8887
8891
8896
8903
8905
8906
8909
8911
8915
8923
8927
8928
8934
8938
8939
8950
8955
8956
8958
8959
8966
8974
8976
8981
8983
8985
9000
9021
9024
9035
9036
9037
9039
9040
9041
9043
9048
9052
9059
9060
9061
9063
9074
9075
9086
9093
9095
9100
9102
9108
9109
9118
9124
9125
9139
9142
9146
9147
9163
9166
9167
9171
9173
9181
9183
9184
9185
9194
9198
9204
9213
9214
9222
9223
9224
9228
9234
9235
9236
9239
9243
9246
9253
9258
9260
9261
9262
9279
9281
9285
9287
9297
9299
9301
9310
9319
9323
9324
9325
9329
9331
9334
9340
9343
9344
9347
9349
9351
9366
9370
9374
9377
9389
9393
9394
9396
9407
9408
9410
9416
9417
9421
9424
9427
9429
9444
9447
9450
9455
9459
9465
9467
9468
9474
9476
9478
9479
9509
9515
9520
9528
9530
9532
9535
9539
9544
9551
9557
9559
9561
9562
9567
9569
9570
9571
9573
9576
9580
9588
9590
9593
9595
9604
9609
9612
9619
9625
9626
9627
9630
9633
9636
9637
9640
9654
9655
9657
9665
9667
9678
9680
9681
9685
9718
9724
9726
9730
9732
9738
9740
9741
9747
9755
9758
9765
9766
9770
9773
9777
9784
9787
9794
9801
9804
9806
9809
9812
9815
9818
9821
9827
9841
9848
9849
9856
9860
9865
9868
9869
9875
9879
9882
9886
9889
9890
9914
9916
9918
9919
9921
9924
9939
9944
9946
9949
9951
9958
9976
9982
9993
9995
10010
10011
10020
10022
10023
10026
10027
10032
10034
10037
10038
10040
10051
10052
10059
10061
10071
10073
10084
10088
10091
10092
10095
10097
10098
10099
10114
10116
10120
10123
10125
10127
10132
10134
10137
10138
10148
10161
10164
10165
10168
10170
10176
10177
10186
10192
10203
10205
10209
10212
10217
10221
10224
10234
10243
10244
10246
10249
10255
10257
10261
10262
10267
10270
10274
10281
10289
10301
10303
10304
10310
10312
10319
10321
10324
10327
10330
10352
10358
10372
10373
10381
10388
10399
10413
10418
10423
10424
10425
10426
10456
10462
10466
10467
10482
10485
10497
10510
10511
10513
10533
10538
10544
10547
10549
10554
10555
10556
10562
10565
10567
10568
10573
10576
10593
10598
10602
10605
10608
10612
10616
10624
10630
10634
10639
10640
10650
10651
10654
10655
10657
10659
10660
10677
10681
10682
10685
10695
10696
10702
10705
10708
10713
10718
10719
10720
10722
10738
10742
10753
10755
10763
10768
10776
10783
10786
10787
10792
10800
10808
10816
10824
10827
10836
10839
10840
10859
10864
10866
10868
10876
10903
10913
10920
10932
10954
10956
10957
10959
10967
10969
10973
10976
10986
10988
10992
10996
11008
11010
11012
11013
11018
11019
11029
11033
11035
11038
11049
11061
11072
11073
11074
11076
11080
11081
11083
11087
11092
11093
11099
11100
11104
11128
11130
11132
11136
11140
11141
11151
11153
11155
11157
11161
11168
11173
11175
11183
11185
11187
11197
11198
11209
11217
11220
11222
11224
11228
11234
11236
11245
11254
11255
11256
11259
11263
11264
11265
11268
11273
11274
11289
11291
11298
11306
11307
11318
11319
11324
11325
11337
11341
11343
11347
11349
11350
11353
11354
11356
11361
11368
11369
11375
11384
11387
11390
11413
11434
11435
11438
11440
11443
11447
11449
11453
11459
11460
11461
11469
11474
11475
11476
11477
11478
11486
11487
11489
11492
11495
11499
11511
11517
11519
11522
11524
11526
11527
11529
11533
11535
11542
11549
11552
11555
11559
11562
11564
11567
11571
11579
11589
11591
11606
11609
11628
11629
11639
11647
11655
11657
11659
11675
11678
11682
11687
11692
11693
11697
11704
11706
11714
11716
11720
11723
11725
11726
11728
11737
11740
11742
11743
11744
11746
11747
11758
11763
11765
11768
11769
11777
11782
11786
11793
11799
11808
11812
11813
11820
11821
11823
11842
11844
11847
11850
11855
11856
11868
11888
11889
11892
11898
11900
11905
11916
11925
11927
11941
11959
11961
11966
11969
11978
11984
11989
12000
12004
12005
12006
12008
12016
12019
12025
12034
12035
12041
12048
12058
12062
12065
12066
12067
12079
12081
12084
12087
12095
12106
12123
12130
12132
12135
12138
12154
12159
12160
12161
12169
12174
12177
12178
12185
12186
12187
12190
12195
12196
12201
12208
12210
12214
12215
12217
12224
12232
12234
12254
12256
12260
12262
12263
12270
12271
12279
12281
12287
12291
12295
12296
12297
12298
12300
12305
12306
12310
12312
12348
12362
12365
12374
12380
12388
12393
12403
12426
12429
12439
12441
12447
12448
12449
12453
12455
12458
12461
12465
12470
12479
12483
12484
12486
12487
12491
12500
12501
12507
12509
12518
12521
12522
12547
12552
12559
12561
12562
12569
12575
12579
12585
12586
12590
12593
12599
12605
12610
12611
12614
12615
12617
12619
12624
12626
12630
12640
12641
12642
12645
12648
12653
12674
12675
12677
12678
12681
12682
12683
12695
12696
12708
12720
12723
12727
12732
12742
12743
12750
12760
12762
12767
12780
12786
12791
12808
12814
12832
12833
12837
12840
12849
12852
12855
12856
12859
12862
12866
12870
12872
12873
12880
12890
12891
12897
12899
12901
12902
12906
12907
12919
12923
12928
12931
12942
12954
12956
12959
12960
12964
12965
12967
12978
12981
12987
12991
13000
13007
13013
13016
13020
13030
13031
13035
13045
13054
13059
13065
13069
13070
13071
13078
13079
13081
13084
13089
13100
13105
13106
13107
13112
13113
13126
13136
13143
13145
13146
13155
13156
13159
13165
13171
13178
13181
13184
13195
13196
13197
13198
13214
13218
13221
13227
13231
13237
13242
13244
13248
13255
13263
13271
13285
13299
13300
13301
13303
13307
13324
13327
13328
13329
13340
13341
13343
13344
13346
13352
13361
13374
13379
13383
13386
13404
13409
13410
13419
13426
13429
13432
13438
13439
13440
13444
13445
13461
13470
13471
13473
13474
13475
13478
13479
13482
13484
13485
13486
13495
13497
13499
13501
13505
13509
13523
13524
13525
13565
13566
13568
13571
13575
13580
13582
13584
13593
13595
13604
13609
13615
13627
13628
13633
13644
13645
13646
13652
13654
13659
13666
13670
13674
13675
13676
13677
13678
13680
13681
13688
13697
13698
13701
13702
13721
13724
13727
13736
13737
13741
13742
13744
13745
13747
13749
13750
13753
13756
13771
13774
13775
13776
13787
13791
13793
13800
13803
13804
13806
13817
13818
13819
13827
13830
13831
13832
13840
13853
13856
13860
13863
13867
13873
13878
13893
13901
13910
13913
13914
13916
13917
13926
13941
13942
13947
13949
13953
13956
13958
13965
13968
13976
13978
13983
13993
13994
13996
14001
14004
14005
14008
14015
14017
14021
14022
14024
14028
14031
14042
14047
14049
14050
14065
14067
14070
14072
14073
14076
14078
14083
14092
14097
14104
14107
14111
14113
14116
14117
14119
14124
14125
14126
14131
14132
14133
14138
14145
14147
14148
14152
14153
14154
14155
14165
14167
14169
14170
14173
14178
14179
14180
14202
14204
14208
14212
14217
14227
14230
14236
14238
14240
14245
14248
14254
14262
14271
14274
14281
14284
14288
14289
14292
14296
14300
14302
14312
14315
14326
14334
14337
14340
14343
14346
14348
14361
14377
14378
14382
14383
14395
14396
14398
14401
14404
14413
14418
14421
14425
14449
14456
14461
14462
14463
14465
14469
14472
14476
14481
14487
14493
14499
14500
14505
14512
14513
14516
14519
14523
14531
14532
14535
14539
14540
14546
14548
14549
14551
14552
14553
14554
14558
14560
14568
14569
14570
14574
14577
14591
14595
14603
14606
14607
14610
14616
14617
14618
14624
14626
14633
14636
14637
14642
14648
14649
14654
14657
14662
14665
14667
14674
14690
14697
14705
14718
14719
14724
14725
14730
14731
14734
14750
14757
14766
14768
14779
14781
14792
14794
14797
14799
14805
14819
14827
14829
14830
14831
14848
14851
14853
14862
14866
14871
14872
14873
14875
14878
14879
14880
14882
14886
14889
14891
14892
14908
14909
14911
14920
14921
14929
14931
14932
14937
14947
14953
14958
14964
14975
14978
14987
14993
15000
15003
15008
15016
15017
15020
15021
15022
15027
15034
15036
15042
15046
15057
15061
15072
15074
15078
15080
15085
15091
15092
15093
15094
15102
15103
15105
15107
15117
15119
15121
15123
15131
15138
15140
15145
15154
15162
15163
15171
15172
15173
15175
15176
15177
15180
15181
15182
15191
15194
15196
15206
15208
15211
15214
15215
15219
15221
15223
15236
15238
15246
15247
15249
15252
15253
15255
15258
15259
15262
15263
15266
15268
15273
15276
15277
15280
15281
15283
15300
15307
15308
15315
15326
15328
15329
15331
15343
15345
15348
15356
15362
15370
15373
15375
15378
15380
15384
15386
15391
15394
15395
15396
15402
15403
15406
15407
15415
15418
15422
15427
15428
15437
15438
15451
15456
15463
15468
15475
15483
15484
15503
15508
15516
15524
15525
15527
15528
15537
15542
15554
15557
15559
15562
15565
15566
15570
15572
15582
15586
15589
15609
15617
15618
15620
15621
15624
15625
15629
15633
15635
15641
15650
15652
15656
15659
15665
15667
15673
15676
15677
15678
15680
15688
15707
15711
15714
15718
15731
15735
15745
15747
15756
15762
15768
15771
15772
15773
15774
15786
15792
15804
15807
15812
15816
15817
15821
15822
15823
15832
15835
15836
15849
15850
15865
15870
15883
15884
15894
15897
15911
15915
15920
15921
15923
15924
15927
15932
15933
15937
15941
15943
15954
15960
15965
15966
15971
15973
15982
15985
15990
15999
16001
16006
16007
16039
16040
16041
16045
16047
16049
16051
16055
16056
16065
16067
16069
16075
16076
16082
16092
16093
16100
16105
16108
16109
16115
16116
16123
16125
16128
16132
16135
16159
16164
16165
16166
16171
16174
16189
16191
16196
16200
16218
16225
16232
16233
16240
16248
16249
16255
16257
16258
16266
16271
16274
16275
16277
16280
16282
16286
16288
16289
16291
16292
16305
16316
16323
16327
16332
16337
16338
16340
16343
16345
16349
16352
16354
16356
16357
16361
16366
16370
16372
16373
16375
16376
16381
16383
16387
16389
16409
16422
16425
16426
16430
16433
16435
16441
16442
16443
16448
16452
16453
16456
16462
16470
16476
16477
16483
16484
16485
16487
16488
16490
16502
16506
16507
16511
16516
16527
16530
16538
16541
16545
16546
16548
16562
16564
16573
16577
16585
16592
16596
16601
16604
16607
16608
16610
16614
16615
16621
16625
16628
16639
16643
16652
16653
16661
16666
16667
16674
16675
16680
16681
16685
16692
16704
16707
16713
16715
16720
16725
16738
16739
16740
16749
16751
16756
16758
16769
16773
16774
16776
16778
16781
16790
16795
16804
16808
16823
16831
16847
16851
16854
16857
16860
16862
16869
16878
16880
16884
16885
16886
16890
16893
16894
16897
16905
16907
16908
16912
16914
16917
16922
16927
16929
16938
16944
16945
16946
16950
16953
16955
16956
16958
16963
16964
16969
16970
16972
16984
16990
16993
17006
17008
17028
17031
17042
17044
17048
17050
17054
17055
17063
17071
17076
17077
17078
17086
17088
17100
17111
17116
17119
17120
17121
17124
17125
17127
17129
17142
17159
17160
17163
17165
17183
17188
17191
17198
17202
17203
17205
17208
17210
17219
17224
17228
17232
17235
17241
17242
17245
17253
17264
17274
17280
17285
17290
17293
17313
17315
17321
17324
17333
17342
17353
17357
17358
17360
17361
17366
17373
17378
17381
17383
17384
17385
17392
17397
17401
17410
17416
17417
17421
17424
17429
17436
17438
17443
17447
17453
17470
17471
17482
17490
17493
17497
17502
17504
17506
17512
17513
17514
17515
17523
17524
17527
17530
17531
17534
17536
17538
17539
17545
17552
17561
17564
17565
17566
17568
17573
17582
17590
17591
17596
17606
17610
17613
17616
17623
17628
17635
17636
17642
17643
17647
17651
17653
17661
17663
17665
17668
17674
17675
17679
17680
17681
17686
17689
17701
17716
17718
17719
17724
17726
17734
17735
17738
17740
17749
17760
17762
17764
17765
17766
17767
17771
17774
17775
17790
17801
17806
17815
17818
17819
17830
17832
17834
17835
17847
17849
17851
17852
17859
17860
17862
17864
17872
17878
17885
17886
17891
17895
17902
17917
17918
17919
17924
17932
17934
17938
17940
17948
17951
17953
17979
17988
17989
17998
18005
18014
18015
18017
18025
18029
18031
18035
18040
18042
18045
18046
18049
18050
18055
18060
18070
18084
18087
18090
18092
18093
18095
18129
18133
18142
18143
18145
18152
18153
18156
18162
18177
18185
18187
18209
18213
18215
18216
18228
18230
18231
18235
18236
18237
18247
18250
18253
18257
18259
18262
18266
18268
18275
18279
18284
18285
18290
18295
18304
18316
18318
18320
18325
18334
18339
18341
18345
18346
18348
18356
18360
18361
18366
18369
18370
18375
18378
18397
18403
18404
18411
18416
18420
18421
18428
18431
18433
18436
18449
18469
18474
18482
18484
18490
18492
18496
18497
18500
18501
18511
18514
18515
18517
18518
18521
18523
18532
18540
18541
18544
18547
18548
18549
18554
18557
18558
18559
18565
18578
18586
18604
18608
18610
18611
18616
18620
18622
18627
18639
18640
18656
18659
18660
18672
18676
18679
18691
18696
18698
18704
18714
18726
18729
18746
18751
18754
18756
18760
18767
18772
18773
18776
18778
18793
18795
18809
18817
18825
18827
18840
18845
18854
18864
18877
18879
18882
18883
18886
18891
18905
18907
18908
18915
18922
18931
18933
18937
18945
18949
18950
18953
18957
18962
18965
18966
18968
18970
18973
18975
18976
18980
18983
18984
18989
18991
19011
19017
19018
19023
19047
19048
19050
19052
19053
19063
19068
19073
19081
19084
19093
19104
19109
19114
19122
19126
19130
19131
19132
19144
19145
19147
19154
19155
19156
19172
19173
19177
19181
19183
19184
19186
19191
19210
19211
19214
19217
19223
19235
19236
19250
19251
19261
19269
19274
19275
19280
19284
19297
19307
19308
19322
19328
19334
19335
19338
19342
19349
19353
19360
19362
19363
19367
19375
19385
19397
19401
19402
19406
19409
19411
19414
19418
19419
19421
19422
19424
19425
19430
19434
19441
19449
19451
19471
19472
19473
19474
19478
19486
19495
19505
19507
19509
19517
19522
19529
19532
19537
19538
19549
19565
19570
19571
19575
19578
19582
19589
19592
19593
19596
19599
19601
19615
19620
19626
19630
19633
19637
19639
19640
19649
19651
19654
19655
19656
19661
19662
19665
19667
19668
19676
19682
19683
19685
19694
19695
19702
19706
19716
19720
19734
19738
19745
19747
19749
19753
19760
19768
19775
19776
19792
19793
19794
19802
19808
19816
19824
19828
19831
19852
19856
19858
19860
19865
19867
19868
19870
19873
19881
19887
19894
19896
19903
19906
19908
19916
19920
19921
19925
19937
19947
19960
19966
19968
19974
19976
19989
19990
20005
20006
20007
20008
20012
20021
20025
20027
20036
20039
20048
20051
20058
20065
20068
20078
20083
20092
20100
20104
20107
20108
20117
20120
20125
20132
20134
20137
20139
20144
20145
20147
20148
20152
20153
20156
20167
20173
20186
20196
20199
20203
20207
20211
20213
20214
20223
20234
20235
20250
20256
20259
20270
20271
20276
20289
20300
20301
20302
20304
20309
20313
20348
20352
20356
20361
20362
20363
20364
20376
20380
20387
20393
20395
20408
20419
20425
20429
20439
20451
20452
20457
20460
20461
20466
20469
20471
20474
20479
20482
20488
20492
20494
20515
20527
20532
20538
20545
20546
20559
20560
20566
20571
20578
20591
20592
20596
20599
20603
20604
20618
20632
20654
20657
20664
20667
20668
20669
20689
20694
20697
20698
20710
20714
20716
20730
20741
20744
20745
20749
20760
20761
20762
20767
20768
20769
20773
20787
20792
20802
20805
20809
20814
20815
20819
20821
20823
20826
20835
20838
20845
20848
20850
20853
20857
20863
20864
20871
20883
20888
20889
20890
20892
20905
20910
20917
20921
20926
20934
20939
20950
20954
20958
20966
20976
20980
20981
20982
20990
20991
20992
20996
21005
21006
21012
21031
21032
21040
21042
21045
21047
21056
21058
21060
21077
21078
21083
21087
21088
21089
21096
21098
21101
21107
21109
21110
21114
21128
21143
21146
21153
21159
21164
21172
21176
21180
21183
21185
21186
21206
21211
21220
21221
21222
21236
21238
21245
21254
21256
21257
21258
21263
21264
21274
21277
21285
21286
21298
21301
21306
21321
21324
21332
21336
21340
21351
21366
21376
21383
21388
21391
21406
21411
21417
21424
21428
21431
21434
21447
21449
21454
21456
21458
21464
21471
21473
21475
21476
21479
21480
21481
21490
21496
21501
21511
21513
21514
21524
21534
21535
21538
21546
21548
21553
21555
21564
21574
21575
21586
21594
21603
21623
21633
21641
21644
21649
21653
21656
21657
21660
21664
21671
21678
21686
21694
21695
21704
21712
21721
21726
21730
21737
21738
21750
21751
21752
21769
21789
21791
21800
21801
21805
21806
21810
21814
21818
21820
21825
21831
21832
21846
21849
21857
21858
21863
21866
21870
21872
21873
21878
21882
21883
21886
21890
21894
21900
21901
21907
21908
21910
21914
21915
21917
21919
21932
21936
21943
21947
21956
21965
21972
21989
21995
21996
21998
22003
22006
22009
22014
22023
22028
22030
22031
22040
22041
22046
22051
22052
22054
22055
22056
22058
22060
22062
22066
22067
22077
22086
22089
22103
22105
22111
22115
22116
22129
22131
22133
22134
22137
22140
22149
22159
22165
22169
22180
22181
22193
22196
22207
22211
22216
22219
22227
22228
22230
22235
22237
22240
22242
22253
22258
22260
22261
22277
22279
22280
22282
22297
22302
22305
22310
22313
22320
22321
22323
22325
22328
22341
22348
22359
22367
22370
22371
22372
22373
22377
22378
22381
22387
22389
22391
22399
22416
22419
22425
22437
22452
22455
22457
22465
22478
22484
22492
22495
22498
22499
22500
22502
22506
22514
22527
22530
22537
22538
22547
22549
22551
22553
22562
22570
22575
22577
22588
22589
22590
22595
22599
22600
22612
22614
22615
22620
22623
22628
22637
22638
22662
22663
22675
22679
22680
22681
22685
22688
22689
22694
22695
22704
22705
22709
22719
22722
22723
22724
22738
22740
22741
22750
22752
22755
22757
22761
22762
22767
22769
22773
22774
22777
22782
22784
22787
22801
22804
22810
22817
22818
22819
22822
22824
22825
22828
22832
22849
22850
22860
22861
22862
22868
22871
22882
22891
22892
22900
22902
22917
22920
22922
22931
22932
22935
22936
22952
22956
22958
22959
22965
22974
22977
22979
22982
22986
22991
22996
23005
23007
23010
23015
23016
23017
23020
23031
23041
23047
23053
23060
23080
23081
23082
23083
23092
23095
23097
23098
23110
23116
23119
23142
23154
23160
23162
23164
23166
23172
23173
23178
23192
23193
23194
23202
23203
23212
23218
23229
23230
23234
23236
23242
23250
23255
23262
23265
23266
23290
23291
23292
23293
23297
23299
23300
23301
23304
23306
23315
23318
23324
23326
23331
23332
23341
23346
23350
23363
23364
23368
23371
23378
23380
23383
23392
23394
23397
23401
23402
23410
23419
23422
23426
23427
23434
23436
23443
23450
23454
23458
23471
23481
23484
23486
23490
23491
23495
23496
23497
23501
23514
23515
23518
23523
23527
23537
23550
23562
23564
23570
23572
23574
23582
23585
23586
23589
23595
23599
23608
23609
23629
23632
23635
23638
23640
23645
23646
23653
23658
23659
23677
23678
23680
23683
23685
23686
23690
23692
23699
23703
23705
23707
23708
23710
23711
23714
23715
23717
23720
23726
23730
23732
23733
23735
23737
23739
23755
23759
23761
23776
23777
23788
23789
23792
23797
23798
23799
23802
23804
23808
23813
23816
23820
23825
23826
23828
23829
23830
23831
23834
23835
23836
23837
23841
23843
23845
23847
23856
23859
23867
23868
23870
23872
23875
23876
23877
23878
23885
23893
23895
23897
23899
23907
23913
23916
23921
23928
23929
23934
23937
23943
23954
23956
23958
23966
23986
23989
23991
24007
24014
24017
24024
24029
24044
24050
24058
24059
24067
24074
24081
24082
24083
24097
24099
24104
24107
24111
24113
24133
24137
24153
24155
24165
24170
24179
24180
24189
24190
24197
24200
24201
24204
24212
24217
24218
24221
24222
24225
24227
24228
24229
24230
24231
24233
24238
24267
24277
24281
24286
24291
24295
24301
24304
24311
24313
24316
24319
24329
24334
24341
24342
24343
24354
24356
24363
24368
24370
24376
24378
24383
24389
24390
24392
24394
24397
24405
24406
24410
24423
24424
24426
24429
24443
24444
24447
24450
24451
24453
24455
24467
24468
24469
24471
24474
24476
24477
24478
24488
24492
24497
24501
24504
24514
24517
24519
24527
24528
24541
24545
24552
24554
24558
24571
24572
24573
24577
24582
24597
24599
24611
24613
24615
24619
24623
24627
24633
24636
24637
24641
24642
24643
24664
24673
24680
24682
24685
24689
24691
24695
24702
24709
24711
24714
24720
24729
24731
24732
24740
24746
24747
24748
24750
24755
24759
24764
24769
24770
24773
24776
24777
24781
24787
24795
24797
24798
24799
24800
24804
24806
24809
24816
24820
24830
24838
24843
24850
24851
24853
24858
24859
24873
24874
24885
24897
24901
24904
24918
24922
24923
24933
24936
24939
24945
24959
24967
24970
24971
24972
24973
24983
24984
25008
25011
25021
25029
25033
25034
25039
25042
25052
25055
25065
25070
25078
25080
25083
25084
25085
25086
25089
25093
25094
25098
25099
25107
25112
25118
25122
25123
25127
25128
25130
25131
25143
25159
25162
25164
25170
25174
25195
25198
25216
25218
25219
25225
25240
25242
25245
25247
25248
25252
25262
25264
25268
25300
25305
25311
25312
25316
25322
25325
25328
25334
25337
25339
25340
25344
25349
25352
25361
25365
25372
25377
25380
25388
25403
25407
25410
25419
25420
25424
25426
25429
25432
25439
25440
25447
25453
25461
25465
25469
25471
25473
25474
25475
25477
25488
25493
25501
25503
25505
25506
25519
25525
25532
25535
25537
25542
25551
25552
25557
25560
25564
25573
25600
25616
25631
25635
25636
25645
25648
25649
25652
25653
25657
25659
25665
25669
25671
25673
25676
25677
25681
25682
25683
25685
25698
25701
25703
25706
25713
25715
25719
25726
25732
25735
25736
25744
25757
25765
25769
25773
25777
25791
25793
25801
25802
25804
25812
25817
25825
25833
25846
25852
25853
25856
25860
25865
25871
25877
25882
25884
25893
25894
25897
25901
25907
25917
25922
25925
25936
25938
25940
25948
25951
25952
25956
25961
25968
25970
25976
25979
25984
25992
25993
25998
26001
26007
26020
26031
26035
26041
26044
26045
26050
26059
26062
26070
26076
26078
26092
26098
26104
26106
26108
26111
26117
26122
26129
26141
26143
26146
26157
26178
26181
26187
26196
26197
26200
26201
26204
26215
26222
26223
26225
26229
26231
26232
26244
26249
26252
26253
26255
26270
26271
26284
26292
26305
26306
26313
26326
26327
26340
26343
26345
26349
26350
26353
26357
26378
26384
26391
26401
26402
26404
26406
26407
26417
26424
26429
26445
26451
26452
26453
26455
26456
26459
26463
26467
26479
26482
26490
26493
26494
26503
26504
26521
26532
26535
26536
26541
26547
26550
26563
26570
26574
26577
26578
26580
26586
26589
26597
26606
26608
26626
26629
26630
26639
26644
26650
26657
26658
26660
26666
26668
26670
26676
26677
26678
26687
26688
26700
26701
26715
26718
26722
26725
26726
26731
26738
26748
26752
26757
26764
26774
26782
26787
26789
26791
26793
26799
26803
26808
26815
26819
26834
26847
26853
26858
26860
26865
26867
26873
26877
26878
26879
26880
26885
26895
26898
26905
26912
26947
26951
26967
26972
26985
26987
26988
26990
26994
26995
26996
26997
26998
27000
27010
27014
27019
27023
27025
27028
27041
27042
27044
27049
27058
27060
27062
27079
27083
27088
27090
27092
27093
27101
27103
27104
27114
27121
27124
27130
27133
27135
27140
27148
27155
27156
27160
27161
27168
27170
27175
27178
27180
27188
27194
27195
27202
27205
27210
27221
27222
27224
27241
27242
27244
27251
27253
27272
27277
27279
27285
27286
27288
27292
27294
27295
27297
27305
27309
27310
27314
27329
27330
27333
27334
27335
27342
27345
27349
27362
27364
27366
27370
27371
27378
27386
27390
27395
27400
27401
27402
27404
27406
27408
27411
27414
27416
27418
27424
27429
27431
27432
27438
27450
27459
27464
27468
27470
27474
27479
27483
27486
27491
27505
27508
27519
27523
27526
27529
27530
27532
27534
27535
27539
27547
27568
27571
27575
27586
27592
27597
27600
27601
27602
27607
27608
27609
27616
27629
27630
27634
27642
27644
27645
27646
27652
27654
27655
27660
27661
27662
27675
27684
27687
27691
27692
27693
27701
27702
27704
27705
27714
27717
27720
27721
27729
27734
27736
27752
27760
27763
27764
27768
27769
27770
27771
27773
27778
27780
27787
27795
27797
27803
27811
27818
27819
27824
27826
27828
27831
27832
27834
27836
27843
27844
27845
27851
27858
27860
27861
27866
27876
27877
27880
27894
27903
27909
27910
27911
27912
27918
27919
27927
27928
27931
27936
27937
27945
27953
27957
27963
27964
27968
27972
27977
27985
27992
27995
27996
27997
28003
28004
28008
28013
28026
28030
28032
28036
28037
28038
28043
28047
28048
28050
28051
28053
28056
28057
28059
28066
28089
28094
28097
28102
28105
28122
28130
28131
28149
28154
28155
28158
28159
28161
28164
28169
28173
28177
28193
28198
28199
28207
28215
28220
28228
28241
28245
28249
28250
28252
28256
28259
28260
28272
28273
28280
28285
28287
28288
28290
28293
28297
28306
28339
28346
28353
28355
28359
28361
28365
28372
28373
28375
28383
28384
28385
28404
28405
28406
28412
28413
28417
28418
28419
28429
28433
28435
28438
28446
28465
28468
28470
28471
28474
28476
28481
28486
28498
28506
28510
28520
28524
28526
28527
28532
28537
28577
28586
28590
28595
28603
28609
28610
28611
28618
28619
28621
28622
28634
28636
28640
28646
28647
28651
28660
28662
28667
28675
28676
28683
28687
28691
28692
28695
28696
28700
28704
28707
28711
28723
28727
28729
28730
28731
28738
28740
28754
28756
28761
28763
28766
28769
28771
28772
28775
28781
28782
28784
28787
28788
28790
28833
28838
28841
28844
28846
28851
28866
28876
28878
28888
28890
28894
28896
28899
28900
28901
28904
28908
28912
28916
28920
28921
28924
28931
28939
28940
28943
28951
28953
28954
28956
28975
28977
28988
29004
29007
29011
29016
29023
29024
29026
29030
29032
29033
29043
29045
29053
29054
29062
29068
29069
29072
29077
29080
29081
29084
29092
29093
29104
29109
29111
29116
29121
29124
29125
29129
29131
29145
29153
29154
29157
29167
29185
29191
29194
29209
29210
29212
29214
29217
29222
29229
29231
29234
29236
29237
29241
29242
29249
29252
29253
29257
29259
29260
29268
29270
29274
29275
29277
29303
29305
29313
29321
29325
29336
29340
29344
29354
29355
29363
29364
29372
29377
29379
29384
29388
29392
29397
29406
29412
29416
29419
29431
29433
29434
29436
29443
29448
29452
29457
29458
29462
29473
29474
29481
29484
29492
29493
29495
29496
29499
29501
29505
29508
29515
29517
29531
29533
29534
29538
29544
29547
29550
29552
29555
29557
29573
29578
29595
29596
29599
29600
29609
29610
29629
29633
29634
29636
29643
29644
29649
29664
29675
29679
29683
29687
29694
29696
29697
29702
29704
29709
29716
29719
29724
29727
29728
29738
29741
29742
29743
29745
29751
29757
29763
29767
29771
29774
29781
29782
29792
29793
29796
29800
29806
29808
29820
29822
29823
29826
29830
29835
29848
29849
29850
29851
29875
29881
29884
29897
29898
29915
29918
29920
29943
29947
29954
29957
29964
29968
29979
29987
29988
29993
29996
29999
30005
30007
30014
30015
30020
30040
30041
30052
30053
30057
30058
30066
30069
30074
30080
30084
30085
30087
30097
30109
30113
30117
30129
30131
30137
30159
30165
30174
30180
30182
30184
30188
30190
30204
30212
30213
30222
30223
30225
30227
30230
30235
30240
30244
30247
30253
30264
30265
30266
30273
30274
30275
30277
30282
30283
30288
30305
30308
30314
30315
30316
30329
30333
30338
30348
30350
30351
30354
30375
30383
30386
30398
30407
30409
30413
30428
30438
30445
30451
30453
30458
30464
30470
30478
30479
30486
30489
30494
30497
30500
30511
30525
30528
30532
30541
30543
30546
30547
30556
30559
30567
30582
30584
30587
30601
30602
30606
30617
30619
30624
30631
30640
30655
30658
30660
30669
30670
30679
30683
30686
30688
30690
30692
30696
30698
30705
30709
30717
30718
30722
30741
30749
30753
30758
30776
30779
30780
30781
30783
30790
30798
30805
30810
30814
30818
30823
30827
30832
30849
30856
30860
30863
30867
30872
30874
30877
30896
30897
30904
30905
30907
30908
30910
30919
30925
30927
30928
30930
30933
30939
30941
30942
30943
30952
30955
30958
30977
30978
30980
30985
30992
30995
31002
31008
31010
31012
31016
31017
31020
31024
31031
31032
31048
31060
31061
31062
31067
31074
31075
31096
31103
31110
31116
31117
31118
31121
31127
31130
31135
31136
31137
31140
31148
31152
31154
31162
31171
31175
31181
31196
31203
31204
31206
31208
31210
31213
31229
31236
31238
31241
31264
31265
31269
31279
31287
31289
31295
31303
31315
31316
31317
31336
31337
31342
31347
31353
31358
31369
31381
31382
31383
31396
31401
31402
31409
31410
31416
31417
31422
31423
31427
31432
31433
31436
31445
31446
31453
31480
31483
31486
31488
31500
31501
31502
31504
31514
31516
31521
31526
31534
31542
31544
31548
31549
31557
31567
31573
31579
31584
31586
31587
31591
31596
31606
31613
31614
31619
31620
31621
31637
31640
31650
31653
31654
31655
31660
31661
31671
31679
31680
31683
31684
31696
31698
31704
31706
31708
31710
31711
31717
31720
31725
31728
31729
31741
31744
31747
31750
31751
31756
31760
31782
31784
31789
31799
31804
31805
31808
31818
31823
31824
31834
31842
31848
31852
31854
31860
31866
31870
31883
31888
31890
31892
31896
31897
31898
31899
31909
31912
31913
31926
31927
31933
31939
31940
31946
31960
31963
31975
31980
31983
31987
31990
32000
32002
32012
32017
32020
32028
32031
32039
32048
32051
32062
32064
32066
32069
32077
32080
32082
32089
32094
32106
32109
32110
32114
32115
32116
32119
32122
32124
32126
32131
32139
32142
32145
32147
32148
32152
32173
32176
32184
32185
32186
32188
32191
32194
32195
32201
32205
32222
32224
32230
32231
32233
32237
32240
32242
32243
32246
32248
32264
32268
32271
32287
32288
32295
32296
32299
32309
32312
32321
32326
32333
32336
32337
32344
32346
32352
32354
32358
32363
32372
32373
32375
32377
32385
32388
32394
32395
32398
32415
32423
32428
32436
32444
32445
32446
32455
32459
32476
32480
32481
32489
32490
32492
32494
32497
32498
32504
32508
32514
32518
32520
32522
32526
32531
32532
32533
32534
32536
32546
32550
32551
32552
32555
32560
32561
32572
32575
32583
32588
32589
32598
32600
32602
32606
32609
32610
32614
32618
32622
32623
32628
32631
32637
32644
32647
32675
32676
32677
32678
32687
32699
32703
32706
32710
32712
32715
32721
32724
32725
32727
32735
32739
32742
32746
32751
32753
32755
32772
32776
32780
32781
32783
32794
32795
32796
32798
32817
32826
32843
32857
32861
32865
32867
32876
32883
32884
32885
32898
32899
32901
32908
32931
32943
32945
32951
32956
32957
32963
32967
32984
32986
32991
32993
33015
33029
33031
33033
33054
33055
33056
33060
33061
33071
33072
33075
33079
33088
33089
33090
33093
33096
33099
33104
33106
33111
33112
33115
33144
33148
33149
33152
33159
33165
33167
33169
33171
33181
33183
33198
33204
33206
33208
33209
33211
33212
33217
33220
33221
33224
33225
33231
33232
33237
33242
33244
33245
33248
33249
33251
33254
33262
33266
33270
33274
33277
33279
33282
33284
33294
33295
33309
33319
33334
33335
33336
33341
33343
33348
33350
33351
33359
33369
33382
33384
33390
33392
33402
33405
33406
33407
33412
33414
33415
33417
33423
33425
33429
33430
33439
33441
33448
33453
33455
33464
33469
33477
33479
33481
33484
33486
33489
33492
33507
33509
33512
33521
33522
33523
33525
33528
33530
33537
33542
33548
33550
33554
33557
33558
33559
33561
33566
33570
33572
33575
33578
33590
33592
33597
33598
33613
33618
33622
33636
33638
33641
33645
33646
33650
33656
33657
33661
33665
33666
33669
33672
33677
33680
33686
33688
33691
33697
33701
33705
33715
33717
33718
33720
33727
33729
33739
33743
33745
33746
33758
33759
33761
33764
33770
33772
33773
33778
33779
33780
33784
33787
33795
33799
33801
33802
33803
33808
33809
33814
33817
33823
33827
33828
33834
33839
33841
33848
33854
33855
33862
33867
33870
33876
33881
33884
33888
33890
33893
33898
33900
33901
33909
33910
33911
33913
33915
33918
33919
33932
33934
33941
33942
33947
33948
33950
33952
33960
33962
33967
33975
33976
33979
33983
33990
33991
33993
33995
33996
34001
34008
34014
34017
34018
34019
34021
34023
34029
34032
34033
34042
34046
34048
34049
34053
34054
34055
34056
34064
34065
34071
34072
34079
34082
34083
34091
34094
34098
34099
34102
34105
34116
34119
34126
34143
34145
34146
34148
34151
34156
34169
34180
34187
34189
34197
34207
34210
34213
34215
34218
34226
34234
34238
34248
34250
34261
34265
34268
34271
34274
34283
34287
34303
34313
34317
34318
34326
34327
34329
34333
34334
34336
34344
34346
34348
34349
34352
34355
34358
34372
34373
34376
34397
34403
34410
34415
34418
34419
34426
34429
34437
34438
34444
34446
34447
34452
34464
34465
34468
34469
34471
34475
34481
34487
34490
34492
34501
34509
34524
34541
34544
34554
34557
34572
34573
34574
34582
34585
34599
34601
34603
34604
34606
34610
34611
34613
34617
34624
34629
34631
34633
34634
34636
34647
34651
34655
34657
34659
34666
34673
34675
34678
34682
34687
34693
34694
34701
34707
34708
34710
34717
34718
34727
34730
34734
34737
34738
34740
34743
34745
34747
34755
34757
34764
34765
34769
34773
34776
34777
34783
34784
34797
34807
34821
34823
34827
34834
34836
34839
34844
34847
34851
34852
34856
34865
34867
34868
34869
34878
34886
34887
34896
34900
34904
34910
34913
34914
34915
34916
34919
34922
34923
34924
34930
34931
34937
34940
34941
34946
34947
34950
34957
34963
34964
34974
34977
34978
34985
34987
34988
35005
35008
35025
35026
35029
35032
35044
35045
35051
35053
35054
35063
35065
35067
35081
35087
35091
35093
35107
35108
35114
35122
35124
35136
35138
35140
35149
35155
35158
35165
35169
35170
35173
35177
35181
35185
35189
35199
35200
35201
35202
35204
35206
35210
35211
35212
35213
35218
35228
35234
35238
35241
35253
35254
35259
35271
35280
35301
35304
35308
35323
35325
35326
35331
35333
35341
35342
35343
35352
35353
35356
35362
35370
35371
35373
35379
35380
35383
35385
35387
35397
35412
35414
35415
35417
35420
35426
35433
35434
35435
35457
35465
35469
35473
35479
35482
35486
35488
35491
35502
35507
35512
35516
35523
35524
35527
35538
35542
35548
35569
35572
35580
35586
35593
35595
35596
35610
35613
35618
35619
35625
35640
35647
35674
35687
35694
35702
35703
35706
35708
35711
35729
35731
35733
35742
35744
35746
35754
35758
35763
35771
35775
35777
35778
35785
35792
35801
35806
35809
35811
35816
35820
35821
35828
35829
35831
35832
35837
35839
35843
35868
35872
35878
35881
35886
35890
35900
35905
35910
35911
35912
35913
35914
35915
35938
35940
35943
35944
35948
35954
35956
35960
35962
35963
35965
35970
35971
35972
35973
35977
35978
35979
35981
35985
35986
35987
35989
35998
36000
36005
36009
36015
36017
36024
36025
36028
36037
36038
36044
36054
36059
36065
36067
36085
36089
36094
36121
36125
36131
36142
36146
36153
36162
36170
36174
36176
36182
36194
36199
36208
36214
36219
36226
36228
36230
36242
36243
36249
36253
36256
36264
36267
36280
36281
36286
36291
36292
36293
36294
36295
36306
36308
36314
36318
36323
36330
36334
36339
36345
36347
36352
36355
36357
36360
36361
36369
36372
36376
36380
36384
36387
36391
36392
36394
36403
36404
36414
36416
36420
36426
36428
36436
36439
36442
36443
36444
36446
36467
36469
36473
36477
36480
36487
36493
36495
36499
36507
36514
36515
36524
36526
36533
36538
36540
36547
36548
36562
36567
36568
36569
36578
36580
36582
36584
36590
36596
36597
36599
36601
36609
36613
36619
36632
36633
36639
36644
36651
36657
36660
36663
36665
36687
36691
36695
36696
36698
36709
36711
36720
36721
36723
36724
36727
36729
36745
36749
36752
36756
36767
36772
36773
36778
36781
36785
36787
36791
36796
36797
36801
36802
36804
36813
36816
36818
36826
36830
36835
36839
36847
36865
36876
36887
36895
36896
36898
36906
36913
36914
36916
36926
36929
36935
36941
36945
36953
36956
36962
36970
36979
36985
36990
36993
36994
37003
37007
37011
37012
37016
37019
37024
37025
37026
37027
37028
37034
37039
37040
37044
37047
37052
37068
37070
37077
37078
37079
37084
37089
37090
37100
37102
37115
37117
37118
37126
37127
37129
37133
37136
37138
37141
37146
37148
37149
37152
37153
37157
37167
37168
37169
37171
37188
37191
37199
37206
37210
37218
37227
37228
37230
37238
37243
37245
37265
37266
37269
37271
37282
37285
37292
37300
37309
37316
37317
37320
37328
37336
37343
37346
37347
37366
37367
37372
37382
37387
37388
37390
37391
37404
37406
37412
37416
37425
37426
37428
37429
37430
37435
37436
37446
37450
37457
37458
37460
37463
37471
37474
37477
37478
37484
37485
37496
37501
37505
37511
37514
37519
37522
37526
37536
37538
37541
37543
37548
37550
37551
37554
37557
37562
37564
37573
37578
37581
37590
37595
37600
37602
37603
37612
37614
37620
37621
37625
37637
37640
37642
37649
37655
37656
37657
37658
37660
37661
37668
37671
37672
37698
37701
37705
37718
37721
37725
37726
37727
37732
37735
37742
37746
37748
37762
37770
37774
37775
37785
37787
37797
37805
37808
37809
37814
37820
37828
37832
37838
37841
37843
37847
37856
37857
37866
37867
37872
37889
37890
37891
37895
37896
37904
37916
37920
37922
37926
37939
37945
37946
37948
37951
37955
37958
37966
37968
37980
38007
38030
38037
38039
38040
38043
38046
38054
38070
38081
38093
38100
38102
38106
38110
38113
38125
38128
38140
38160
38161
38164
38174
38176
38177
38182
38191
38202
38203
38208
38212
38220
38223
38231
38234
38236
38237
38238
38271
38282
38285
38289
38293
38297
38301
38303
38307
38309
38315
38316
38319
38321
38323
38329
38333
38335
38336
38343
38344
38347
38348
38354
38355
38360
38362
38379
38389
38393
38399
38400
38403
38408
38415
38427
38433
38440
38449
38453
38455
38459
38460
38461
38468
38477
38480
38485
38488
38489
38492
38495
38497
38501
38510
38514
38524
38526
38542
38543
38549
38551
38559
38563
38574
38579
38580
38585
38597
38602
38608
38614
38623
38629
38634
38642
38643
38647
38654
38657
38660
38663
38668
38671
38675
38686
38687
38690
38692
38700
38716
38717
38729
38730
38733
38734
38737
38739
38741
38743
38750
38751
38760
38767
38774
38779
38782
38788
38790
38797
38800
38803
38813
38822
38823
38826
38835
38841
38856
38869
38883
38884
38889
38890
38894
38895
38903
38914
38930
38937
38939
38941
38942
38949
38952
38954
38957
38958
38959
38961
38962
38964
38968
38973
38979
38983
38986
38987
38988
38998
39001
39004
39005
39006
39012
39021
39023
39033
39037
39041
39044
39047
39049
39051
39053
39064
39065
39066
39073
39081
39083
39091
39096
39097
39108
39111
39114
39117
39118
39119
39121
39123
39129
39134
39143
39149
39162
39163
39167
39169
39179
39183
39184
39189
39190
39195
39196
39199
39202
39215
39217
39222
39230
39238
39242
39243
39247
39250
39258
39261
39267
39276
39277
39278
39279
39282
39292
39293
39299
39305
39307
39318
39323
39333
39334
39335
39337
39341
39346
39347
39355
39364
39369
39371
39372
39375
39376
39377
39395
39399
39401
39403
39406
39408
39416
39427
39431
39433
39439
39445
39448
39452
39456
39459
39460
39467
39474
39484
39485
39489
39494
39497
39512
39516
39520
39526
39527
39534
39537
39543
39545
39554
39556
39557
39559
39563
39564
39565
39566
39568
39573
39574
39576
39578
39588
39589
39591
39592
39595
39596
39610
39639
39641
39650
39652
39654
39664
39665
39667
39678
39681
39685
39692
39697
39698
39710
39743
39747
39751
39756
39764
39766
39770
39773
39775
39783
39792
39809
39811
39812
39816
39817
39819
39827
39839
39843
39845
39846
39848
39850
39857
39867
39868
39871
39875
39893
39894
39899
39905
39907
39914
39917
39924
39931
39935
39947
39953
39954
39956
39957
39959
39964
39966
39982
39983
39985
39986
39988
39991
39992
39995
39999
40010
40013
40016
40019
40021
40025
40039
40041
40043
40047
40050
40056
40059
40061
40062
40063
40066
40067
40092
40093
40097
40099
40101
40107
40108
40110
40127
40128
40129
40133
40141
40145
40150
40151
40162
40172
40180
40184
40185
40190
40191
40195
40197
40199
40211
40213
40219
40229
40234
40238
40245
40246
40247
40250
40261
40262
40267
40277
40278
40279
40280
40283
40290
40291
40292
40298
40299
40300
40301
40304
40310
40322
40323
40325
40326
40327
40328
40342
40349
40353
40364
40371
40373
40377
40380
40386
40390
40393
40399
40401
40403
40409
40410
40411
40413
40415
40420
40444
40445
40447
40449
40455
40457
40462
40466
40468
40471
40475
40480
40481
40484
40489
40491
40493
40497
40503
40504
40505
40522
40526
40529
40533
40534
40535
40540
40547
40549
40556
40560
40575
40577
40585
40594
40599
40607
40613
40617
40634
40640
40646
40647
40648
40650
40654
40656
40658
40662
40670
40673
40684
40687
40691
40693
40694
40698
40707
40708
40712
40713
40719
40720
40722
40725
40734
40744
40756
40760
40766
40768
40769
40774
40775
40779
40783
40788
40789
40793
40806
40822
40826
40838
40839
40845
40853
40861
40862
40869
40873
40875
40878
40889
40895
40898
40904
40905
40906
40909
40915
40923
40926
40939
40941
40943
40947
40951
40952
40961
40969
40970
40978
40983
40994
40997
41003
41008
41009
41017
41027
41035
41038
41039
41042
41046
41051
41056
41061
41071
41073
41077
41083
41084
41104
41106
41108
41110
41111
41114
41119
41121
41132
41136
41148
41150
41153
41155
41165
41166
41170
41178
41181
41183
41186
41187
41189
41190
41197
41199
41213
41219
41235
41237
41243
41255
41258
41261
41262
41264
41269
41277
41280
41282
41284
41286
41292
41294
41295
41296
41301
41306
41310
41313
41314
41319
41323
41340
41346
41347
41350
41355
41358
41361
41362
41379
41381
41390
41398
41404
41408
41409
41410
41412
41420
41424
41427
41449
41455
41456
41465
41496
41497
41502
41503
41510
41511
41515
41522
41525
41532
41534
41546
41554
41560
41569
41572
41587
41597
41598
41606
41609
41615
41621
41623
41642
41646
41652
41665
41667
41670
41673
41677
41684
41690
41701
41702
41704
41709
41712
41721
41725
41731
41735
41738
41741
41743
41750
41751
41757
41759
41763
41765
41769
41771
41776
41778
41781
41782
41784
41791
41798
41802
41804
41805
41809
41810
41815
41817
41818
41820
41821
41828
41829
41837
41848
41853
41858
41861
41867
41875
41876
41882
41883
41886
41897
41901
41905
41906
41908
41911
41914
41915
41917
41918
41928
41936
41948
41952
41953
41954
41964
41970
41971
41972
41978
41981
41989
41998
42000
42001
42007
42011
42013
42019
42030
42031
42036
42039
42040
42043
42046
42047
42049
42053
42057
42062
42064
42075
42082
42094
42097
42101
42107
42110
42117
42118
42125
42134
42160
42165
42171
42183
42198
42201
42202
42217
42222
42230
42235
42241
42245
42247
42248
42257
42262
42268
42270
42273
42278
42285
42286
42290
42296
42298
42302
42304
42308
42322
42329
42330
42337
42339
42356
42359
42370
42373
42374
42383
42384
42392
42397
42408
42409
42410
42415
42418
42423
42439
42446
42447
42459
42464
42472
42477
42479
42486
42496
42499
42503
42505
42510
42520
42521
42523
42524
42526
42527
42528
42531
42539
42553
42556
42557
42566
42567
42569
42570
42571
42573
42580
42585
42593
42597
42598
42607
42608
42617
42626
42639
42646
42650
42651
42656
42664
42667
42672
42673
42674
42676
42681
42688
42696
42700
42705
42710
42712
42714
42725
42730
42732
42746
42747
42748
42749
42750
42752
42753
42760
42766
42767
42768
42769
42772
42777
42783
42788
42791
42795
42799
42806
42813
42815
42827
42829
42831
42836
42840
42842
42845
42846
42848
42849
42851
42852
42853
42855
42864
42868
42875
42878
42883
42884
42899
42900
42902
42903
42904
42913
42921
42928
42935
42947
42951
42957
42959
42961
42968
42971
42982
42984
42993
42999
43002
43008
43011
43012
43016
43018
43020
43032
43039
43047
43052
43059
43061
43064
43065
43079
43087
43091
43104
43105
43107
43118
43119
43124
43127
43136
43138
43149
43153
43165
43169
43174
43175
43176
43180
43182
43199
43203
43205
43206
43208
43210
43215
43217
43223
43225
43229
43230
43231
43232
43244
43245
43246
43263
43270
43271
43272
43274
43276
43281
43283
43286
43287
43296
43297
43299
43303
43307
43318
43321
43327
43334
43344
43348
43352
43371
43372
43373
43377
43388
43392
43394
43399
43408
43420
43421
43426
43428
43445
43451
43456
43457
43458
43462
43473
43475
43478
43484
43493
43497
43498
43500
43502
43503
43508
43526
43529
43532
43533
43539
43548
43557
43559
43561
43586
43587
43590
43592
43598
43601
43608
43612
43616
43622
43625
43627
43635
43636
43638
43642
43652
43653
43654
43674
43679
43693
43697
43705
43708
43710
43725
43726
43737
43742
43746
43749
43758
43764
43765
43767
43769
43772
43775
43779
43792
43794
43795
43797
43802
43810
43813
43818
43825
43833
43850
43855
43862
43869
43886
43887
43894
43903
43904
43914
43918
43920
43921
43923
43927
43928
43933
43934
43938
43942
43948
43950
43965
43975
43976
43983
43995
43996
43997
43999
44001
44012
44016
44017
44024
44032
44034
44038
44039
44042
44049
44050
44053
44054
44063
44070
44075
44077
44082
44083
44089
44090
44098
44099
44108
44114
44119
44142
44146
44148
44153
44154
44157
44165
44168
44169
44172
44182
44188
44190
44199
44200
44203
44205
44210
44217
44219
44220
44235
44238
44241
44245
44248
44250
44256
44260
44261
44262
44263
44267
44270
44284
44288
44290
44296
44297
44299
44314
44321
44324
44327
44331
44333
44336
44338
44342
44353
44355
44357
44359
44364
44365
44372
44401
44403
44407
44417
44420
44423
44424
44436
44445
44446
44447
44449
44463
44465
44472
44481
44495
44501
44508
44513
44522
44527
44535
44537
44539
44542
44550
44554
44561
44562
44563
44569
44572
44589
44590
44592
44610
44613
44614
44615
44630
44643
44648
44650
44674
44676
44677
44679
44680
44683
44686
44697
44705
44709
44712
44715
44721
44724
44726
44728
44735
44736
44743
44745
44752
44767
44778
44799
44805
44817
44818
44820
44826
44835
44839
44851
44855
44858
44861
44863
44865
44866
44872
44873
44875
44881
44887
44891
44902
44906
44907
44916
44934
44946
44954
44959
44973
44974
44976
44977
44978
44979
44980
44985
44989
44994
44997
45000
45006
45013
45014
45015
45018
45021
45023
45031
45036
45039
45041
45046
45049
45050
45057
45060
45061
45072
45080
45082
45086
45087
45088
45090
45098
45104
45117
45119
45130
45146
45151
45160
45161
45164
45169